  536
   14.00000       44.89707    
   13.99741       44.89642    
   13.99154       44.89642    
   13.98596       44.89613    
   13.98010       44.89701    
   13.97540       44.89584    
   13.97599       44.89231    
   13.97980       44.88997    
   13.98420       44.88850    
   13.98860       44.88704    
   13.99212       44.88469    
   13.99300       44.88117    
   13.99036       44.87853    
   13.98772       44.87530    
   13.98802       44.87237    
   13.98978       44.86885    
   13.99124       44.86562    
   13.98978       44.86269    
   13.98567       44.86152    
   13.98186       44.85917    
   13.97980       44.85623    
   13.97804       44.85242    
   13.97628       44.84890    
   13.97540       44.84509    
   13.97540       44.84098    
   13.97775       44.83775    
   13.97922       44.83453    
   13.98010       44.83071    
   13.97716       44.82837    
   13.97511       44.82514    
   13.97658       44.82279    
   13.98156       44.82250    
   13.98743       44.82250    
   13.99124       44.82044    
   13.99418       44.81810    
   13.99652       44.81516    
   13.99711       44.81135    
   13.99564       44.80812    
   13.99095       44.80695    
   13.98508       44.80666    
   13.98010       44.80812    
   13.97511       44.80930    
   13.96924       44.80988    
   13.96367       44.81076    
   13.95780       44.81047    
   13.95252       44.80988    
   13.94724       44.80959    
   13.94137       44.81018    
   13.93785       44.81223    
   13.93287       44.81340    
   13.92905       44.81135    
   13.92612       44.81194    
   13.92641       44.81546    
   13.92553       44.81956    
   13.91996       44.81986    
   13.91908       44.82396    
   13.91820       44.82748    
   13.91497       44.82925    
   13.90940       44.83012    
   13.90529       44.82837    
   13.90236       44.82573    
   13.89766       44.82484    
   13.89150       44.82514    
   13.88681       44.82660    
   13.88534       44.82309    
   13.88828       44.82044    
   13.89326       44.81956    
   13.89825       44.81810    
   13.90207       44.81604    
   13.90705       44.81487    
   13.90998       44.81252    
   13.91175       44.80930    
   13.91175       44.80490    
   13.90998       44.80138    
   13.90823       44.79786    
   13.90734       44.79375    
   13.90793       44.78994    
   13.90969       44.78671    
   13.90969       44.78260    
   13.91145       44.77937    
   13.91233       44.77556    
   13.91438       44.77292    
   13.91233       44.77057    
   13.90734       44.77087    
   13.90265       44.77263    
   13.89913       44.77439    
   13.89825       44.77820    
   13.89737       44.78202    
   13.89678       44.78553    
   13.89649       44.78964    
   13.89708       44.79433    
   13.89737       44.79903    
   13.89854       44.80313    
   13.89825       44.80724    
   13.89561       44.80988    
   13.89121       44.81164    
   13.88534       44.81164    
   13.88006       44.81106    
   13.87596       44.81252    
   13.87332       44.81546    
   13.87185       44.81898    
   13.87156       44.82309    
   13.86862       44.82455    
   13.86569       44.82279    
   13.86187       44.82103    
   13.85571       44.82103    
   13.85161       44.82279    
   13.85014       44.82602    
   13.85014       44.83042    
   13.85278       44.83276    
   13.85689       44.83453    
   13.85454       44.83511    
   13.84985       44.83394    
   13.84486       44.83511    
   13.84369       44.83775    
   13.84486       44.84186    
   13.84574       44.84509    
   13.84222       44.84714    
   13.83870       44.84509    
   13.83518       44.84303    
   13.83107       44.84127    
   13.82726       44.84245    
   13.82785       44.84538    
   13.82814       44.84890    
   13.82579       44.85154    
   13.82403       44.85271    
   13.82345       44.85213    
   13.82080       44.85447    
   13.81728       44.85653    
   13.81289       44.85799    
   13.80643       44.85829    
   13.80232       44.86005    
   13.79851       44.86181    
   13.79470       44.86415    
   13.79206       44.86650    
   13.79030       44.86973    
   13.78942       44.87354    
   13.79264       44.87471    
   13.79646       44.87266    
   13.79939       44.87032    
   13.80262       44.86768    
   13.80760       44.86679    
   13.81318       44.86591    
   13.81846       44.86562    
   13.82374       44.86621    
   13.82931       44.86621    
   13.83225       44.86885    
   13.83254       44.86973    
   13.83225       44.86914    
   13.83459       44.87237    
   13.83870       44.87383    
   13.84222       44.87618    
   13.84339       44.87999    
   13.84163       44.88322    
   13.83753       44.88498    
   13.83225       44.88440    
   13.82755       44.88322    
   13.82345       44.88176    
   13.81934       44.87999    
   13.81406       44.87941    
   13.80819       44.88029    
   13.80379       44.88205    
   13.80174       44.88469    
   13.80027       44.88792    
   13.79851       44.89144    
   13.79352       44.89261    
   13.79264       44.89437    
   13.79528       44.89701    
   13.79880       44.89906    
   13.80174       44.90170    
   13.80379       44.90464    
   13.80496       44.90874    
   13.80291       44.91168    
   13.79910       44.91402    
   13.79704       44.91666    
   13.79616       44.92048    
   13.79587       44.92458    
   13.79558       44.92869    
   13.79470       44.93251    
   13.79264       44.93515    
   13.79030       44.93837    
   13.78736       44.94043    
   13.78443       44.94307    
   13.78208       44.94600    
   13.77915       44.94835    
   13.77739       44.95128    
   13.77798       44.95597    
   13.77710       44.95979    
   13.77416       44.96184    
   13.77064       44.96419    
   13.76742       44.96653    
   13.76536       44.96947    
   13.76301       44.97211    
   13.76125       44.97563    
   13.75920       44.97856    
   13.75685       44.98149    
   13.75392       44.98384    
   13.74893       44.98502    
   13.74453       44.98677    
   13.73955       44.98766    
   13.73456       44.98912    
   13.73133       44.99176    
   13.72928       44.99440    
   13.72752       44.99792    
   13.72605       45.00115    
   13.72458       45.00438    
   13.72077       45.00643    
   13.71490       45.00731    
   13.71050       45.00878    
   13.70962       45.01259    
   13.70962       45.01670    
   13.70874       45.02022    
   13.70493       45.02256    
   13.69906       45.02315    
   13.69349       45.02403    
   13.68997       45.02608    
   13.68821       45.02931    
   13.68762       45.03313    
   13.68586       45.03635    
   13.68498       45.03987    
   13.68058       45.04163    
   13.67824       45.04457    
   13.67941       45.04779    
   13.68117       45.05132    
   13.67735       45.05337    
   13.67442       45.05571    
   13.67002       45.05747    
   13.66650       45.05953    
   13.66327       45.06187    
   13.66122       45.06481    
   13.65653       45.06686    
   13.65154       45.06804    
   13.64538       45.06833    
   13.64010       45.06774    
   13.63482       45.06715    
   13.62954       45.06745    
   13.62572       45.06950    
   13.62543       45.07273    
   13.62866       45.07537    
   13.63071       45.07830    
   13.62866       45.08153    
   13.62749       45.08417    
   13.62983       45.08710    
   13.63276       45.08974    
   13.63453       45.09327    
   13.63276       45.09678    
   13.62836       45.09825    
   13.62338       45.09942    
   13.61898       45.10118    
   13.61516       45.10294    
   13.61311       45.10617    
   13.60988       45.10823    
   13.60783       45.11145    
   13.60754       45.11556    
   13.61047       45.11820    
   13.61399       45.12025    
   13.61810       45.12172    
   13.62074       45.12436    
   13.62338       45.12759    
   13.62719       45.12905    
   13.63247       45.12964    
   13.63834       45.12964    
   13.64509       45.12934    
   13.65125       45.12905    
   13.65770       45.12847    
   13.66357       45.12876    
   13.66943       45.12876    
   13.67560       45.12905    
   13.68146       45.12905    
   13.68674       45.12993    
   13.69144       45.13111    
   13.69642       45.13169    
   13.70170       45.13228    
   13.70786       45.13257    
   13.71373       45.13257    
   13.71931       45.13287    
   13.72517       45.13198    
   13.72224       45.13345    
   13.71696       45.13463    
   13.71138       45.13521    
   13.70552       45.13609    
   13.69877       45.13668    
   13.69261       45.13697    
   13.68733       45.13639    
   13.68205       45.13551    
   13.67618       45.13551    
   13.67031       45.13521    
   13.66445       45.13521    
   13.65858       45.13492    
   13.65271       45.13492    
   13.64597       45.13521    
   13.63981       45.13580    
   13.63335       45.13609    
   13.62690       45.13639    
   13.62074       45.13639    
   13.61634       45.13521    
   13.61164       45.13404    
   13.60636       45.13345    
   13.60196       45.13404    
   13.59903       45.13668    
   13.59727       45.13991    
   13.59727       45.14401    
   13.59698       45.14812    
   13.59903       45.15105    
   13.60196       45.15399    
   13.60314       45.15780    
   13.60226       45.16161    
   13.59991       45.16455    
   13.59786       45.16748    
   13.59463       45.16983    
   13.59258       45.17276    
   13.58935       45.17540    
   13.59170       45.17687    
   13.59434       45.17951    
   13.59668       45.18244    
   13.59580       45.18538    
   13.59375       45.18831    
   13.58964       45.19036    
   13.58612       45.19212    
   13.58319       45.19476    
   13.58348       45.19946    
   13.58671       45.20181    
   13.59052       45.20356    
   13.59316       45.20679    
   13.59287       45.21090    
   13.59258       45.21501    
   13.59375       45.21882    
   13.59404       45.22263    
   13.59170       45.22557    
   13.59375       45.22909    
   13.59580       45.23232    
   13.59610       45.23583    
   13.59522       45.23935    
   13.59580       45.24346    
   13.59551       45.24728    
   13.59463       45.25109    
   13.59434       45.25402    
   13.58788       45.25461    
   13.58290       45.25490    
   13.57879       45.25695    
   13.57820       45.26048    
   13.57908       45.26458    
   13.57879       45.26898    
   13.58055       45.27250    
   13.58465       45.27426    
   13.59052       45.27426    
   13.59522       45.27514    
   13.59932       45.27690    
   13.59962       45.28042    
   13.59698       45.28307    
   13.59316       45.28512    
   13.58935       45.28717    
   13.58583       45.28922    
   13.58290       45.29157    
   13.58055       45.29451    
   13.57820       45.29715    
   13.57586       45.30037    
   13.57938       45.30213    
   13.58524       45.30154    
   13.58788       45.30213    
   13.58876       45.30653    
   13.59082       45.31005    
   13.59522       45.31123    
   13.59932       45.31269    
   13.60314       45.31475    
   13.60636       45.31680    
   13.60460       45.31915    
   13.60167       45.32179    
   13.59668       45.32296    
   13.59199       45.32208    
   13.58729       45.32091    
   13.58202       45.32003    
   13.57615       45.32003    
   13.57028       45.31973    
   13.56441       45.31973    
   13.55855       45.32061    
   13.55415       45.32208    
   13.55121       45.32443    
   13.54681       45.32619    
   13.54241       45.32766    
   13.54036       45.33059    
   13.54006       45.33469    
   13.54065       45.33939    
   13.54095       45.34379    
   13.54153       45.34819    
   13.54183       45.35318    
   13.54300       45.35699    
   13.54828       45.35787    
   13.55297       45.35875    
   13.55591       45.36139    
   13.55415       45.36403    
   13.54916       45.36491    
   13.54417       45.36608    
   13.54300       45.36990    
   13.54359       45.37371    
   13.54006       45.37547    
   13.53977       45.37958    
   13.53801       45.38310    
   13.53596       45.38574    
   13.53566       45.39014    
   13.53625       45.39483    
   13.53537       45.39835    
   13.53361       45.40158    
   13.53068       45.40422    
   13.52833       45.40686    
   13.52481       45.40891    
   13.52158       45.41126    
   13.51953       45.41449    
   13.51982       45.41801    
   13.52129       45.42153    
   13.52041       45.42534    
   13.51836       45.42798    
   13.51660       45.43150    
   13.52070       45.43297    
   13.52217       45.43590    
   13.51865       45.43766    
   13.51513       45.43972    
   13.51190       45.44236    
   13.51366       45.44588    
   13.51630       45.44822    
   13.51748       45.45262    
   13.51660       45.45614    
   13.51513       45.45937    
   13.51425       45.46348    
   13.51396       45.46729    
   13.51454       45.47198    
   13.51366       45.47551    
   13.51014       45.47785    
   13.50545       45.47903    
   13.50193       45.48137    
   13.49958       45.48431    
   13.49812       45.48753    
   13.49636       45.49076    
   13.49812       45.49457    
   13.50017       45.49751    
   13.50252       45.50044    
   13.50457       45.50425    
   13.50721       45.50660    
   13.51102       45.50631    
   13.51484       45.50455    
   13.51924       45.50278    
   13.52452       45.50161    
   13.52950       45.50044    
   13.53449       45.49927    
   13.53977       45.49809    
   13.54476       45.49692    
   13.54975       45.49545    
   13.55503       45.49457    
   13.55943       45.49281    
   13.56295       45.49076    
   13.56676       45.48900    
   13.56969       45.48636    
   13.57321       45.48431    
   13.57644       45.48196    
   13.58084       45.48020    
   13.58671       45.48020    
   13.59140       45.48137    
   13.59434       45.48431    
   13.59492       45.48870    
   13.59346       45.49193    
   13.59170       45.49516    
   13.58935       45.49809    
   13.58847       45.50191    
   13.58935       45.50513    
   13.59170       45.50807    
   13.59404       45.51100    
   13.59346       45.51511    
   13.58935       45.51687    
   13.58436       45.51804    
   13.57850       45.51892    
   13.57351       45.52010    
   13.57204       45.52332    
   13.57116       45.52713    
   13.56940       45.53036    
   13.56911       45.53447    
   13.57380       45.53476    
   13.57879       45.53359    
   13.58377       45.53212    
   13.58964       45.53154    
   13.59639       45.53124    
   13.60108       45.53212    
   13.60343       45.53535    
   13.60548       45.53857    
   13.60871       45.54122    
   13.61282       45.54268    
   13.61810       45.54327    
   13.62397       45.54327    
   13.62836       45.54180    
   13.63335       45.54063    
   13.63863       45.53946    
   13.64509       45.53916    
   13.64978       45.54034    
   13.65242       45.54268    
   13.65565       45.54444    
   13.65975       45.54268    
   13.66591       45.54298    
   13.66973       45.54473    
   13.67442       45.54591    
   13.67853       45.54708    
   13.68322       45.54826    
   13.68850       45.54914    
   13.69320       45.55031    
   13.69994       45.54972    
   13.70640       45.54943    
   13.71226       45.54855    
   13.71813       45.54767    
   13.72341       45.54855    
   13.72928       45.54855    
   13.73456       45.54737    
   13.73896       45.54591    
   13.74483       45.54591    
   13.74952       45.54708    
   13.75216       45.54972    
   13.75333       45.55354    
   13.75099       45.55676    
   13.74747       45.55853    
   13.74512       45.56146    
   13.74688       45.56498    
   13.74541       45.56820    
   13.74160       45.57055    
   13.74013       45.57349    
   13.73544       45.57524    
   13.73045       45.57671    
   13.72810       45.57935    
   13.72576       45.58229    
   13.72136       45.58375    
   13.71637       45.58493    
   13.71050       45.58581    
   13.70552       45.58727    
   13.70258       45.58932    
   13.70229       45.59285    
   13.70288       45.59343    
   13.70757       45.59255    
   13.71256       45.59138    
   13.71725       45.59255    
   13.71696       45.59607    
 1335
   13.71696       45.59607    
   13.71754       45.60047    
   13.71813       45.60517    
   13.72077       45.60781    
   13.72488       45.60957    
   13.73075       45.60957    
   13.73632       45.61015    
   13.74277       45.60986    
   13.74923       45.60957    
   13.75597       45.60928    
   13.76096       45.60781    
   13.76624       45.60663    
   13.77064       45.60487    
   13.77475       45.60341    
   13.77856       45.60135    
   13.78502       45.60106    
   13.78971       45.60223    
   13.79382       45.60370    
   13.79792       45.60517    
   13.80144       45.60751    
   13.80438       45.60986    
   13.80467       45.61367    
   13.79822       45.61426    
   13.79264       45.61397    
   13.78736       45.61514    
   13.78355       45.61720    
   13.78150       45.62013    
   13.77974       45.62336    
   13.77886       45.62688    
   13.77798       45.63069    
   13.77563       45.63362    
   13.77269       45.63597    
   13.76683       45.63685    
   13.76037       45.63714    
   13.75392       45.63744    
   13.74717       45.63802    
   13.74365       45.64008    
   13.74189       45.64330    
   13.74365       45.64624    
   13.74776       45.64741    
   13.75245       45.64858    
   13.75597       45.65093    
   13.75773       45.65445    
   13.75832       45.65885    
   13.75715       45.66266    
   13.75597       45.66589    
   13.75480       45.66970    
   13.75245       45.67264    
   13.74952       45.67498    
   13.74717       45.67792    
   13.74541       45.68114    
   13.74424       45.68437    
   13.74160       45.68760    
   13.73955       45.69024    
   13.73720       45.69317    
   13.73427       45.69552    
   13.72987       45.69728    
   13.72458       45.69846    
   13.71813       45.69875    
   13.71314       45.69992    
   13.70904       45.70197    
   13.70698       45.70491    
   13.70522       45.70813    
   13.70317       45.71107    
   13.70053       45.71224    
   13.69760       45.71459    
   13.69378       45.71664    
   13.69085       45.71928    
   13.68850       45.72192    
   13.68645       45.72486    
   13.68322       45.72720    
   13.68087       45.73014    
   13.67794       45.73248    
   13.67413       45.73483    
   13.67061       45.73659    
   13.66738       45.73923    
   13.66533       45.74187    
   13.66357       45.74539    
   13.66181       45.74862    
   13.65887       45.75126    
   13.65623       45.75360    
   13.65213       45.75566    
   13.64714       45.75654    
   13.64333       45.75888    
   13.63922       45.76065    
   13.63658       45.76329    
   13.63453       45.76622    
   13.63218       45.76915    
   13.62778       45.77091    
   13.62191       45.77150    
   13.61516       45.77209    
   13.60900       45.77209    
   13.60226       45.77238    
   13.59698       45.77267    
   13.59346       45.77473    
   13.58964       45.77707    
   13.58583       45.77883    
   13.58231       45.78118    
   13.57791       45.78265    
   13.57204       45.78323    
   13.56529       45.78353    
   13.56031       45.78499    
   13.55532       45.78617    
   13.55004       45.78734    
   13.54593       45.78558    
   13.54241       45.78353    
   13.53889       45.78147    
   13.53537       45.77942    
   13.53185       45.77737    
   13.52892       45.77473    
   13.52716       45.77121    
   13.52569       45.76739    
   13.52452       45.76358    
   13.52393       45.75888    
   13.52481       45.75536    
   13.52569       45.75126    
   13.52598       45.74920    
   13.52305       45.74656    
   13.52276       45.74187    
   13.52364       45.73923    
   13.52657       45.73659    
   13.53039       45.73483    
   13.53684       45.73454    
   13.54270       45.73454    
   13.54857       45.73366    
   13.55180       45.73131    
   13.55004       45.72779    
   13.54535       45.72662    
   13.53948       45.72632    
   13.53391       45.72573    
   13.52921       45.72486    
   13.52540       45.72309    
   13.52100       45.72134    
   13.51689       45.71987    
   13.51337       45.71782    
   13.51014       45.71547    
   13.50633       45.71371    
   13.50281       45.71136    
   13.49958       45.70931    
   13.49401       45.70872    
   13.48902       45.70755    
   13.48374       45.70843    
   13.47905       45.70990    
   13.47377       45.71019    
   13.47083       45.70784    
   13.46966       45.70374    
   13.46819       45.69992    
   13.46585       45.69699    
   13.46291       45.69435    
   13.45793       45.69317    
   13.45265       45.69259    
   13.44883       45.69083    
   13.44531       45.68877    
   13.44179       45.68672    
   13.43827       45.68467    
   13.43592       45.68173    
   13.43358       45.67821    
   13.42888       45.67733    
   13.42419       45.67616    
   13.41891       45.67557    
   13.41363       45.67498    
   13.40835       45.67411    
   13.40277       45.67352    
   13.39750       45.67293    
   13.39221       45.67264    
   13.38635       45.67293    
   13.38136       45.67440    
   13.37755       45.67645    
   13.37667       45.67997    
   13.38136       45.68027    
   13.38723       45.67939    
   13.39192       45.68056    
   13.39515       45.68291    
   13.39955       45.68437    
   13.40600       45.68408    
   13.40952       45.68613    
   13.41099       45.68965    
   13.41275       45.69347    
   13.41744       45.69435    
   13.42360       45.69435    
   13.42683       45.69669    
   13.42800       45.70080    
   13.42859       45.70520    
   13.42830       45.70931    
   13.42390       45.71107    
   13.42038       45.71312    
   13.41803       45.71606    
   13.41627       45.71928    
   13.41422       45.72221    
   13.41099       45.72456    
   13.40659       45.72603    
   13.40072       45.72603    
   13.39603       45.72486    
   13.39133       45.72398    
   13.38517       45.72368    
   13.37989       45.72398    
   13.37637       45.72573    
   13.37344       45.72837    
   13.37109       45.73131    
   13.36933       45.73454    
   13.36787       45.73776    
   13.36376       45.73806    
   13.35848       45.73747    
   13.35320       45.73659    
   13.34851       45.73542    
   13.34469       45.73776    
   13.34176       45.74040    
   13.33736       45.74158    
   13.33178       45.74246    
   13.32592       45.74334    
   13.32181       45.74539    
   13.31741       45.74686    
   13.31154       45.74774    
   13.30538       45.74803    
   13.29951       45.74891    
   13.29277       45.74920    
   13.28690       45.74891    
   13.28015       45.74920    
   13.27575       45.75097    
   13.27135       45.75243    
   13.26783       45.75448    
   13.26196       45.75448    
   13.25669       45.75360    
   13.25111       45.75302    
   13.24612       45.75419    
   13.24231       45.75624    
   13.23850       45.75830    
   13.23468       45.75947    
   13.23028       45.75918    
   13.22764       45.76211    
   13.22559       45.76505    
   13.22383       45.76827    
   13.22236       45.77179    
   13.22002       45.77443    
   13.21708       45.77707    
   13.21356       45.77560    
   13.21004       45.77355    
   13.20535       45.77238    
   13.19948       45.77296    
   13.19596       45.77531    
   13.19332       45.77795    
   13.18804       45.77737    
   13.18452       45.77531    
   13.18276       45.77179    
   13.17807       45.77062    
   13.17279       45.77003    
   13.16956       45.76768    
   13.16692       45.76475    
   13.16663       45.76035    
   13.16486       45.75654    
   13.16134       45.75448    
   13.15724       45.75272    
   13.15430       45.75038    
   13.15078       45.74803    
   13.14550       45.74833    
   13.14198       45.75067    
   13.13876       45.75272    
   13.13729       45.75624    
   13.13641       45.76006    
   13.13612       45.76387    
   13.13788       45.76739    
   13.13700       45.77150    
   13.13113       45.77209    
   13.12644       45.77091    
   13.12292       45.76886    
   13.11852       45.76710    
   13.11441       45.76563    
   13.11177       45.76299    
   13.11001       45.75947    
   13.11089       45.75566    
   13.11206       45.75184    
   13.11089       45.74774    
   13.11118       45.74363    
   13.11558       45.74216    
   13.12057       45.74099    
   13.11940       45.73688    
   13.11529       45.73542    
   13.11059       45.73424    
   13.10678       45.73454    
   13.10297       45.73630    
   13.09710       45.73717    
   13.09299       45.73542    
   13.09094       45.73248    
   13.08977       45.72837    
   13.08654       45.72573    
   13.08390       45.72309    
   13.08038       45.72104    
   13.07627       45.71957    
   13.07216       45.71782    
   13.07011       45.71459    
   13.06952       45.70990    
   13.07158       45.70725    
   13.07334       45.70403    
   13.07304       45.69933    
   13.07334       45.69611    
   13.07568       45.69347    
   13.08009       45.69171    
   13.08537       45.69053    
   13.08947       45.68877    
   13.09475       45.68789    
   13.09974       45.68672    
   13.10649       45.68613    
   13.11236       45.68642    
   13.11705       45.68760    
   13.12174       45.68848    
   13.12585       45.69024    
   13.12996       45.69200    
   13.13377       45.69347    
   13.13817       45.69523    
   13.14169       45.69728    
   13.14697       45.69816    
   13.14990       45.69552    
   13.14844       45.69200    
   13.14609       45.68877    
   13.14257       45.68672    
   13.13876       45.68467    
   13.13553       45.68261    
   13.13142       45.68085    
   13.12732       45.67909    
   13.12379       45.67733    
   13.11969       45.67557    
   13.11617       45.67323    
   13.11265       45.67117    
   13.10971       45.66853    
   13.10707       45.66618    
   13.10531       45.66413    
   13.10297       45.66120    
   13.10091       45.65797    
   13.09857       45.65504    
   13.09651       45.65181    
   13.09446       45.64829    
   13.09270       45.64477    
   13.09065       45.64154    
   13.08947       45.63744    
   13.08625       45.63568    
   13.08009       45.63538    
   13.07363       45.63568    
   13.06835       45.63509    
   13.06366       45.63391    
   13.05779       45.63362    
   13.05222       45.63304    
   13.04635       45.63274    
   13.04048       45.63274    
   13.03520       45.63186    
   13.02992       45.63128    
   13.02376       45.63098    
   13.01819       45.63098    
   13.01232       45.63069    
   13.00704       45.63039    
   13.00088       45.63010    
   12.99589       45.63128    
   12.99472       45.63421    
   12.99296       45.63714    
   12.98856       45.63890    
   12.98328       45.63832    
   12.98064       45.63568    
   12.97888       45.63216    
   12.97771       45.62805    
   12.97418       45.62570    
   12.96890       45.62541    
   12.96362       45.62482    
   12.95834       45.62394    
   12.95306       45.62336    
   12.94778       45.62247    
   12.94250       45.62189    
   12.93781       45.62072    
   12.93253       45.62042    
   12.92784       45.61925    
   12.92255       45.61837    
   12.91639       45.61837    
   12.91141       45.61954    
   12.90642       45.62042    
   12.90231       45.61895    
   12.89850       45.61661    
   12.89586       45.61426    
   12.89351       45.61103    
   12.89205       45.60751    
   12.88941       45.60458    
   12.88676       45.60165    
   12.88325       45.59959    
   12.87914       45.59813    
   12.87386       45.59754    
   12.86858       45.59666    
   12.86388       45.59549    
   12.85978       45.59402    
   12.85626       45.59196    
   12.85215       45.59021    
   12.84804       45.58874    
   12.84394       45.58698    
   12.84012       45.58522    
   12.83631       45.58316    
   12.83220       45.58141    
   12.82839       45.57994    
   12.82428       45.57847    
   12.81988       45.57671    
   12.81519       45.57554    
   12.81108       45.57378    
   12.80727       45.57231    
   12.80316       45.57055    
   12.79876       45.56879    
   12.79494       45.56733    
   12.79142       45.56527    
   12.78732       45.56351    
   12.78380       45.56146    
   12.77969       45.55970    
   12.77646       45.55764    
   12.77236       45.55588    
   12.76796       45.55442    
   12.76473       45.55236    
   12.76121       45.55001    
   12.75769       45.54796    
   12.75358       45.54650    
   12.75006       45.54415    
   12.74625       45.54239    
   12.74185       45.54092    
   12.73774       45.53916    
   12.73305       45.53799    
   12.72923       45.53652    
   12.72454       45.53535    
   12.72014       45.53418    
   12.71633       45.53329    
   12.71163       45.53212    
   12.70694       45.53124    
   12.70283       45.52948    
   12.69814       45.52831    
   12.69403       45.52655    
   12.68934       45.52567    
   12.68523       45.52391    
   12.68112       45.52215    
   12.67731       45.52068    
   12.67262       45.51951    
   12.66822       45.51775    
   12.66440       45.51599    
   12.66088       45.51423    
   12.65736       45.51188    
   12.65384       45.50983    
   12.64974       45.50807    
   12.64592       45.50601    
   12.64152       45.50455    
   12.63800       45.50220    
   12.63331       45.50103    
   12.63008       45.49897    
   12.62539       45.49780    
   12.62099       45.49604    
   12.61717       45.49457    
   12.61248       45.49340    
   12.60779       45.49223    
   12.60368       45.49046    
   12.59898       45.48959    
   12.59488       45.48782    
   12.59136       45.48548    
   12.58754       45.48401    
   12.58285       45.48284    
   12.57874       45.48108    
   12.57376       45.47990    
   12.56994       45.47844    
   12.56525       45.47726    
   12.56056       45.47609    
   12.55645       45.47433    
   12.55175       45.47345    
   12.54647       45.47257    
   12.54119       45.47198    
   12.53650       45.47081    
   12.53122       45.46993    
   12.52653       45.46876    
   12.52183       45.46788    
   12.51772       45.46612    
   12.51303       45.46494    
   12.50893       45.46348    
   12.50570       45.46113    
   12.50130       45.45937    
   12.49748       45.45790    
   12.49279       45.45673    
   12.48810       45.45555    
   12.48340       45.45438    
   12.47754       45.45409    
   12.47284       45.45292    
   12.46815       45.45204    
   12.46375       45.45028    
   12.45993       45.44852    
   12.45641       45.44646    
   12.45260       45.44470    
   12.44879       45.44265    
   12.44497       45.44118    
   12.44087       45.43942    
   12.43676       45.43766    
   12.43324       45.43561    
   12.42913       45.43385    
   12.42532       45.43209    
   12.42062       45.43121    
   12.41476       45.43209    
   12.41300       45.43531    
   12.41270       45.43913    
   12.41388       45.44323    
   12.41535       45.44705    
   12.41740       45.44998    
   12.42004       45.45292    
   12.42209       45.45644    
   12.42502       45.45878    
   12.42766       45.46142    
   12.43060       45.46407    
   12.43353       45.46671    
   12.43705       45.46876    
   12.43852       45.47257    
   12.43764       45.47609    
   12.43471       45.47873    
   12.43295       45.48196    
   12.43500       45.48431    
   12.44175       45.48401    
   12.44820       45.48372    
   12.45172       45.48548    
   12.45201       45.48929    
   12.45319       45.49340    
   12.45524       45.49134    
   12.45641       45.48782    
   12.45935       45.48518    
   12.46434       45.48431    
   12.46961       45.48401    
   12.47343       45.48606    
   12.47548       45.48929    
   12.47313       45.49193    
   12.47079       45.49487    
   12.46844       45.49780    
   12.46668       45.50103    
   12.46961       45.50367    
   12.47519       45.50278    
   12.47959       45.50132    
   12.48487       45.50014    
   12.49132       45.50014    
   12.49602       45.50103    
   12.50042       45.50278    
   12.50306       45.50513    
   12.50218       45.50308    
   12.50335       45.50014    
   12.50511       45.49692    
   12.50423       45.49487    
   12.49954       45.49369    
   12.49484       45.49252    
   12.49191       45.48959    
   12.49279       45.48695    
   12.49719       45.48518    
   12.50394       45.48489    
   12.50980       45.48518    
   12.51450       45.48636    
   12.51861       45.48812    
   12.52242       45.48959    
   12.52477       45.49281    
   12.52389       45.49663    
   12.52095       45.49897    
   12.51772       45.50132    
   12.51743       45.50543    
   12.51978       45.50865    
   12.52125       45.51217    
   12.52242       45.51628    
   12.52418       45.52010    
   12.52682       45.52244    
   12.53122       45.52420    
   12.53562       45.52244    
   12.53914       45.52068    
   12.54442       45.52039    
   12.54911       45.52156    
   12.55293       45.52303    
   12.55733       45.52479    
   12.56056       45.52684    
   12.56466       45.52860    
   12.56848       45.53095    
   12.57112       45.53329    
   12.57434       45.53564    
   12.57757       45.53799    
   12.58021       45.54092    
   12.58256       45.54386    
   12.58138       45.54679    
   12.57640       45.54767    
   12.57053       45.54737    
   12.56583       45.54650    
   12.56231       45.54415    
   12.55879       45.54210    
   12.55616       45.53946    
   12.55293       45.53682    
   12.55029       45.53418    
   12.54677       45.53212    
   12.54266       45.53065    
   12.53709       45.53036    
   12.53386       45.53271    
   12.53210       45.53623    
   12.52975       45.53887    
   12.52653       45.54151    
   12.52301       45.54327    
   12.51861       45.54503    
   12.51479       45.54708    
   12.51245       45.54972    
   12.51098       45.55295    
   12.50980       45.55676    
   12.50893       45.56058    
   12.50716       45.56380    
   12.50482       45.56674    
   12.50188       45.56908    
   12.49660       45.56908    
   12.49455       45.56615    
   12.49338       45.56234    
   12.49103       45.55999    
   12.48810       45.56234    
   12.48487       45.56469    
   12.47988       45.56586    
   12.47578       45.56410    
   12.47695       45.56058    
   12.47842       45.55735    
   12.47959       45.55354    
   12.47578       45.55148    
   12.47138       45.55031    
   12.46668       45.54914    
   12.46257       45.54737    
   12.45847       45.54591    
   12.45436       45.54415    
   12.45084       45.54180    
   12.44761       45.54004    
   12.44439       45.53711    
   12.44175       45.53476    
   12.43940       45.53154    
   12.43735       45.52831    
   12.43764       45.52449    
   12.43911       45.52097    
   12.44233       45.51863    
   12.44585       45.51657    
   12.45025       45.51511    
   12.45289       45.51217    
   12.44996       45.50953    
   12.44585       45.50777    
   12.44057       45.50719    
   12.43529       45.50660    
   12.43060       45.50513    
   12.42591       45.50513    
   12.42561       45.50924    
   12.42532       45.51335    
   12.42502       45.51745    
   12.42268       45.52039    
   12.41740       45.52068    
   12.41270       45.51951    
   12.40889       45.51775    
   12.40361       45.51716    
   12.40068       45.51951    
   12.40038       45.52361    
   12.39921       45.52743    
   12.39833       45.53124    
   12.39452       45.53300    
   12.39100       45.53124    
   12.38806       45.52831    
   12.38630       45.52479    
   12.38542       45.52068    
   12.38396       45.51716    
   12.38425       45.51305    
   12.38572       45.50983    
   12.39041       45.50807    
   12.39540       45.50689    
   12.40068       45.50572    
   12.40684       45.50543    
   12.41270       45.50484    
   12.41798       45.50367    
   12.42239       45.50191    
   12.42561       45.49985    
   12.42649       45.49575    
   12.42473       45.49223    
   12.42004       45.49105    
   12.41476       45.49046    
   12.41006       45.48959    
   12.40478       45.48870    
   12.39892       45.48959    
   12.39305       45.48929    
   12.38718       45.48900    
   12.38190       45.48988    
   12.37838       45.49223    
   12.37662       45.49516    
   12.37897       45.49868    
   12.37985       45.50161    
   12.37545       45.50337    
   12.37105       45.50484    
   12.36665       45.50631    
   12.36137       45.50748    
   12.35609       45.50689    
   12.35345       45.50425    
   12.35051       45.50161    
   12.34817       45.49868    
   12.34523       45.49575    
   12.34201       45.49340    
   12.33819       45.49105    
   12.33350       45.48988    
   12.32822       45.48929    
   12.32558       45.48665    
   12.32088       45.48548    
   12.31443       45.48577    
   12.30974       45.48460    
   12.30622       45.48254    
   12.30211       45.48079    
   12.29683       45.48020    
   12.29272       45.47873    
   12.29008       45.47580    
   12.28715       45.47345    
   12.28421       45.47052    
   12.28128       45.46817    
   12.27923       45.46494    
   12.27688       45.46172    
   12.27483       45.45849    
   12.27189       45.45614    
   12.26603       45.45673    
   12.26016       45.45673    
   12.25869       45.45292    
   12.25899       45.44881    
   12.25987       45.44500    
   12.26075       45.44147    
   12.25928       45.43766    
   12.25693       45.43473    
   12.25517       45.43121    
   12.25547       45.42681    
   12.25664       45.42329    
   12.25547       45.41918    
   12.25341       45.41625    
   12.25048       45.41331    
   12.24843       45.41038    
   12.24667       45.40657    
   12.24549       45.40275    
   12.24579       45.39865    
   12.24843       45.39542    
   12.25195       45.39366    
   12.25781       45.39307    
   12.26075       45.39043    
   12.25752       45.38838    
   12.25341       45.38662    
   12.25048       45.38427    
   12.24784       45.38134    
   12.24608       45.37811    
   12.24696       45.37430    
   12.24989       45.37166    
   12.25253       45.36902    
   12.25283       45.36462    
   12.25048       45.36168    
   12.24843       45.35875    
   12.24403       45.35699    
   12.23845       45.35670    
   12.23258       45.35757    
   12.22730       45.35670    
   12.22437       45.35406    
   12.22320       45.34995    
   12.22320       45.34702    
   12.22437       45.34643    
   12.22554       45.34438    
   12.22730       45.34115    
   12.22877       45.33792    
   12.22906       45.33381    
   12.22701       45.33059    
   12.22466       45.32736    
   12.22173       45.32501    
   12.22026       45.32149    
   12.22056       45.31709    
   12.21997       45.31240    
   12.21821       45.30888    
   12.21616       45.30595    
   12.21322       45.30331    
   12.20794       45.30243    
   12.20178       45.30272    
   12.19650       45.30389    
   12.19122       45.30331    
   12.18711       45.30154    
   12.18125       45.30125    
   12.17831       45.30389    
   12.17538       45.30653    
   12.17362       45.30976    
   12.17098       45.31240    
   12.16951       45.31592    
   12.16570       45.31768    
   12.16101       45.31680    
   12.15837       45.31387    
   12.15661       45.31034    
   12.15514       45.30653    
   12.15426       45.30243    
   12.15309       45.29861    
   12.15191       45.29451    
   12.15309       45.29069    
   12.15514       45.28776    
   12.15925       45.28571    
   12.16218       45.28365    
   12.16306       45.27984    
   12.16335       45.27544    
   12.16306       45.27103    
   12.16130       45.26752    
   12.16101       45.26400    
   12.16482       45.26194    
   12.16775       45.25930    
   12.17069       45.25695    
   12.17655       45.25637    
   12.18125       45.25754    
   12.18301       45.26106    
   12.18653       45.26341    
   12.19122       45.26458    
   12.19592       45.26546    
   12.19914       45.26781    
   12.20002       45.27074    
   12.20178       45.27456    
   12.20442       45.27720    
   12.20618       45.28042    
   12.20442       45.28394    
   12.20149       45.28629    
   12.19973       45.28981    
   12.20032       45.29421    
   12.20354       45.29568    
   12.20736       45.29333    
   12.21117       45.29128    
   12.21557       45.29010    
   12.21997       45.28835    
   12.22320       45.28571    
   12.22525       45.28307    
   12.22701       45.27984    
   12.22584       45.27573    
   12.22261       45.27368    
   12.21909       45.27133    
   12.21616       45.26898    
   12.21528       45.26458    
   12.21762       45.26194    
   12.22056       45.25930    
   12.22320       45.25666    
   12.22525       45.25373    
   12.22701       45.25050    
   12.22672       45.24698    
   12.22144       45.24698    
   12.21557       45.24786    
   12.21322       45.24463    
   12.21293       45.23994    
   12.21264       45.23554    
   12.21234       45.23085    
   12.21616       45.22879    
   12.22026       45.22762    
   12.22202       45.22410    
   12.22114       45.21999    
   12.21880       45.21706    
   12.21850       45.21413    
   12.22232       45.21236    
   12.22525       45.20972    
   12.22701       45.20650    
   12.22848       45.20298    
   12.23024       45.20005    
   12.23347       45.19740    
   12.23728       45.19564    
   12.24168       45.19389    
   12.24579       45.19212    
   12.25165       45.19154    
   12.25752       45.19095    
   12.26397       45.19066    
   12.26749       45.19271    
   12.26632       45.19653    
   12.26485       45.19975    
   12.26251       45.20239    
   12.26339       45.20591    
   12.26691       45.20797    
   12.27072       45.20943    
   12.27600       45.20943    
   12.27981       45.20738    
   12.28421       45.20591    
   12.28685       45.20826    
   12.29008       45.21119    
   12.29126       45.21354    
   12.29302       45.21735    
   12.29536       45.22058    
   12.29507       45.22439    
   12.29390       45.22821    
   12.29742       45.23026    
   12.30240       45.23026    
   12.30592       45.22967    
   12.30064       45.22967    
   12.29830       45.22674    
   12.29947       45.22293    
   12.29976       45.21882    
   12.30006       45.21471    
   12.29947       45.21031    
   12.29976       45.20620    
   12.30006       45.20181    
   12.30123       45.19799    
   12.30328       45.19535    
   12.30504       45.19183    
   12.30622       45.18831    
   12.30827       45.18567    
   12.31150       45.18303    
   12.31384       45.18039    
   12.31707       45.17775    
   12.31912       45.17511    
   12.32147       45.17188    
   12.32265       45.16836    
   12.32294       45.16631    
   12.32411       45.16367    
   12.32763       45.16161    
   12.32939       45.15839    
   12.32822       45.15458    
   12.32617       45.15105    
   12.32440       45.14783    
   12.32294       45.14431    
   12.32206       45.13991    
   12.32147       45.13521    
   12.32176       45.13140    
   12.32206       45.12729    
   12.32294       45.12348    
   12.32323       45.11908    
   12.32353       45.11526    
   12.32440       45.11145    
   12.32617       45.10793    
   12.32646       45.10382    
   12.32763       45.10030    
   12.32734       45.09678    
   12.32382       45.09708    
   12.31942       45.09884    
   12.31854       45.10236    
   12.31560       45.10500    
   12.31062       45.10617    
   12.30944       45.10969    
   12.31062       45.11380    
   12.31091       45.11820    
   12.30915       45.12172    
   12.30534       45.12113    
   12.30299       45.11790    
   12.30270       45.11321    
   12.30152       45.10910    
   12.30064       45.10529    
   12.29830       45.10206    
   12.29624       45.09884    
   12.29448       45.09532    
   12.29360       45.09150    
   12.29302       45.08681    
   12.29331       45.08241    
   12.29448       45.07889    
   12.29742       45.07625    
   12.30328       45.07595    
   12.30915       45.07595    
   12.31414       45.07478    
   12.31766       45.07273    
   12.32294       45.07156    
   12.32587       45.07420    
   12.32617       45.07772    
   12.32294       45.08036    
   12.32000       45.08270    
   12.32118       45.08681    
   12.32763       45.08681    
   12.33321       45.08593    
   12.33790       45.08417    
   12.34142       45.08212    
   12.34435       45.07977    
   12.34758       45.07742    
   12.34963       45.07449    
   12.35227       45.07156    
   12.35403       45.06833    
   12.35462       45.06481    
   12.35491       45.06070    
   12.35814       45.05806    
   12.36195       45.05601    
   12.36283       45.05249    
   12.36166       45.04838    
   12.36283       45.04486    
   12.36489       45.04193    
   12.36811       45.03958    
   12.37046       45.03635    
   12.37281       45.03371    
   12.37486       45.03078    
   12.37603       45.02726    
   12.37076       45.02638    
   12.36635       45.02814    
   12.36107       45.02726    
   12.35902       45.02403    
   12.35873       45.01963    
   12.36019       45.01640    
   12.36401       45.01435    
   12.36753       45.01230    
   12.37193       45.01083    
   12.37662       45.01200    
   12.37838       45.01553    
   12.37926       45.01963    
   12.38220       45.02227    
   12.38660       45.02345    
   12.38777       45.02755    
   12.38601       45.03078    
   12.38689       45.03400    
   12.38924       45.03694    
   12.38894       45.04105    
   12.38660       45.04427    
   12.38308       45.04604    
   12.37868       45.04750    
   12.37486       45.04985    
   12.37251       45.05249    
   12.37017       45.05542    
   12.36782       45.05806    
   12.36606       45.06129    
   12.36635       45.06334    
   12.36958       45.06070    
   12.37251       45.05835    
   12.37545       45.05601    
   12.37926       45.05396    
   12.38278       45.05190    
   12.38660       45.05014    
   12.39158       45.04897    
   12.39598       45.04721    
   12.40068       45.04574    
   12.40478       45.04427    
   12.40772       45.04163    
   12.41094       45.03929    
   12.41388       45.03694    
   12.41505       45.03313    
   12.41446       45.02931    
   12.41300       45.02579    
   12.41535       45.02315    
   12.41887       45.02110    
   12.42268       45.01875    
   12.42649       45.01699    
   12.42943       45.01464    
   12.43236       45.01230    
   12.43559       45.00966    
   12.43852       45.00848    
   12.43852       45.00966    
   12.44145       45.01024    
   12.44116       45.01347    
   12.43852       45.01640    
   12.43647       45.01934    
   12.43324       45.02169    
   12.43089       45.02462    
   12.43001       45.02755    
   12.43177       45.02403    
   12.43471       45.02169    
   12.43705       45.01875    
   12.43999       45.01640    
   12.44292       45.01376    
   12.44615       45.01171    
   12.44820       45.00848    
   12.45143       45.00643    
   12.45319       45.00291    
   12.45465       44.99968    
   12.45700       44.99704    
   12.45993       44.99440    
   12.46316       44.99206    
   12.46609       44.98941    
   12.46844       44.98677    
   12.47079       44.98384    
   12.47167       44.98032    
   12.47343       44.97680    
   12.47636       44.97446    
   12.47959       44.97181    
   12.48311       44.97005    
   12.48663       44.96800    
   12.49103       44.96653    
   12.49514       44.96800    
   12.49660       44.97094    
   12.49660       44.97123    
   12.49836       44.97387    
   12.49719       44.97739    
   12.49455       44.98003    
   12.48986       44.98179    
   12.48458       44.98267    
   12.48458       44.98590    
   12.48927       44.98736    
   12.49514       44.98736    
   12.49631       44.98795    
   12.50071       44.98677    
   12.50628       44.98590    
   12.51098       44.98707    
   12.51509       44.98590    
   12.51861       44.98384    
   12.52154       44.98149    
   12.52330       44.97827    
   12.52565       44.97533    
   12.52946       44.97328    
   12.53239       44.97094    
   12.53533       44.96859    
   12.53591       44.96741    
   12.53738       44.96419    
   12.53914       44.96125    
   12.53885       44.95627    
   12.53591       44.95392    
   12.53005       44.95363    
   12.52506       44.95480    
   12.52036       44.95363    
   12.52066       44.94952    
   12.52095       44.94541    
   12.52066       44.94160    
   12.52359       44.93925    
   12.52770       44.94072    
   12.52565       44.93925    
   12.52271       44.93661    
   12.52066       44.93338    
   12.51890       44.92987    
   12.51714       44.92605    
   12.51509       44.92312    
   12.51332       44.91930    
   12.51098       44.91637    
   12.51010       44.91930    
   12.50716       44.92165    
   12.50423       44.92429    
   12.49836       44.92400    
   12.49426       44.92224    
   12.49191       44.91930    
   12.49074       44.91491    
   12.49044       44.91050    
   12.49367       44.90874    
   12.49690       44.91109    
   12.50012       44.90874    
   12.50159       44.90522    
   12.50188       44.90141    
   12.50071       44.89730    
   12.50012       44.89320    
   12.49836       44.88938    
   12.49719       44.88557    
   12.49543       44.88205    
   12.49426       44.87823    
   12.49250       44.87471    
   12.49074       44.87119    
   12.48927       44.86738    
   12.48692       44.86445    
   12.48516       44.86093    
   12.48311       44.85770    
   12.48135       44.85418    
   12.47930       44.85095    
   12.47695       44.84772    
   12.47460       44.84479    
   12.47196       44.84215    
   12.46873       44.84010    
   12.46521       44.83775    
   12.46316       44.83482    
   12.46081       44.83159    
   12.45847       44.82866    
   12.45700       44.82514    
   12.45465       44.82191    
   12.45201       44.81927    
   12.44820       44.81722    
   12.44497       44.81487    
   12.44233       44.81429    
   12.44644       44.81575    
   12.44908       44.81839    
   12.44703       44.82132    
   12.44292       44.82338    
   12.43940       44.82514    
   12.43735       44.82807    
   12.43617       44.83189    
   12.43588       44.83599    
   12.43500       44.83981    
   12.43383       44.84333    
   12.43236       44.84655    
   12.42796       44.84831    
   12.42649       44.85154    
   12.42708       44.85565    
   12.42943       44.85858    
   12.43177       44.86181    
   12.43383       44.86503    
   12.43559       44.86855    
   12.43735       44.87237    
   12.43881       44.87589    
   12.44057       44.87941    
   12.44145       44.88322    
   12.44263       44.88762    
   12.44175       44.89114    
   12.44057       44.89495    
   12.43764       44.89730    
   12.43383       44.89936    
   12.42884       44.90053    
   12.42209       44.90082    
   12.41593       44.90112    
   12.41182       44.89936    
   12.40977       44.89642    
   12.40918       44.89173    
   12.40948       44.88762    
   12.40772       44.88410    
   12.40508       44.88146    
   12.40156       44.87912    
   12.39833       44.87735    
   12.39481       44.87501    
   12.39129       44.87266    
   12.38924       44.86973    
   12.38953       44.86562    
   12.39041       44.86181    
   12.39276       44.85917    
   12.39510       44.85623    
   12.39804       44.85389    
   12.40156       44.85154    
   12.40742       44.85125    
   12.41241       44.85007    
   12.41564       44.84743    
   12.41710       44.84421    
   12.41798       44.84069    
   12.41681       44.83687    
   12.41300       44.83482    
   12.40918       44.83306    
   12.40390       44.83247    
   12.39921       44.83101    
   12.39481       44.83012    
   12.39364       44.82690    
   12.39540       44.82367    
   12.39833       44.82103    
   12.40332       44.81986    
   12.40860       44.81898    
   12.41417       44.81810    
   12.41945       44.81898    
   12.42532       44.81810    
   12.42561       44.81399    
   12.42327       44.81076    
   12.42121       44.80841    
   12.42062       44.80841    
   12.41945       44.80431    
   12.41828       44.79991    
   12.41564       44.79756    
   12.41212       44.79522    
   12.40830       44.79463    
   12.40361       44.79345    
   12.39892       44.79228    
   12.39510       44.79052    
   12.39158       44.78847    
   12.38748       44.78700    
   12.38220       44.78612    
   12.37574       44.78642    
   12.37076       44.78759    
   12.36635       44.78905    
   12.36195       44.79081    
   12.35755       44.79228    
   12.35257       44.79345    
   12.35521       44.79375    
   12.35902       44.79169    
   12.36166       44.79433    
   12.36078       44.79815    
   12.35902       44.80138    
   12.35609       44.80402    
   12.35169       44.80548    
   12.34729       44.80695    
   12.34406       44.80959    
   12.34201       44.81223    
   12.33878       44.81458    
   12.33526       44.81663    
   12.33027       44.81780    
   12.32763       44.82044    
   12.32617       44.82396    
   12.32382       44.82690    
   12.32176       44.82983    
   12.31854       44.83218    
   12.31560       44.83453    
   12.31238       44.83687    
   12.31032       44.83981    
   12.30710       44.84215    
   12.30182       44.84245    
   12.29624       44.84215    
   12.28979       44.84245    
   12.28568       44.84098    
   12.28421       44.83717    
   12.28187       44.83423    
   12.28040       44.83042    
   12.27806       44.82748    
   12.27483       44.82514    
   12.27101       44.82338    
   12.26837       44.82044    
   12.26955       44.81780    
   12.27395       44.81722    
   12.27923       44.81693    
   12.28011       44.81340    
   12.27776       44.80988    
   12.27541       44.80695    
   12.27629       44.80754    
   12.27424       44.80519    
   12.27189       44.80226    
   12.27013       44.79874    
   12.26808       44.79522    
   12.26632       44.79169    
   12.26544       44.78788    
   12.26397       44.78407    
   12.26280       44.77996    
   12.26192       44.77585    
   12.26075       44.77204    
   12.25928       44.76823    
   12.25840       44.76412    
   12.25723       44.76001    
   12.25635       44.75620    
   12.25517       44.75180    
   12.25429       44.74769    
   12.25341       44.74388    
   12.25224       44.73977    
   12.25136       44.73566    
   12.24960       44.73185    
   12.24872       44.72804    
   12.24784       44.72393    
   12.24667       44.71982    
   12.24549       44.71572    
   12.24520       44.71102    
   12.24491       44.70662    
   12.24432       44.70193    
   12.24461       44.69782    
   12.24491       44.69371    
   12.24608       44.68990    
   12.24637       44.68579    
   12.24725       44.68227    
   12.24843       44.67846    
   12.24931       44.67465    
   12.24931       44.67142    
   12.24989       44.66819    
   12.25077       44.66438    
   12.25195       44.66086    
   12.25283       44.65734    
   12.25312       44.65294    
   12.25429       44.64942    
   12.25488       44.64560    
   12.25664       44.64209    
   12.25899       44.63944    
   12.26192       44.63680    
   12.26456       44.63504    
   12.26749       44.63270    
   12.27043       44.63035    
   12.27277       44.62742    
   12.27512       44.62448    
   12.27747       44.62155    
   12.27981       44.61891    
   12.28128       44.61568    
   12.28304       44.61216    
   12.28480       44.60894    
   12.28568       44.60542    
   12.28598       44.60101    
   12.28598       44.59691    
   12.28627       44.59280    
   12.28568       44.58899    
   12.28510       44.58429    
   12.28421       44.58019    
   12.28363       44.57549    
   12.28275       44.57138    
   12.28158       44.56757    
   12.28128       44.56376    
   12.28040       44.55965    
   12.28011       44.55496    
   12.27952       44.55056    
   12.27923       44.54616    
   12.27864       44.54147    
   12.27835       44.53706    
   12.27806       44.53208    
   12.27747       44.52768    
   12.27717       44.52298    
   12.27659       44.51858    
   12.27688       44.51448    
   12.27806       44.51096    
   12.27747       44.50597    
   12.27776       44.50186    
   12.27764       44.50000    
   29
   13.74336       44.89495    
   13.74248       44.89848    
   13.74424       44.90229    
   13.74688       44.90493    
   13.74923       44.90816    
   13.74835       44.91168    
   13.74600       44.91432    
   13.74248       44.91666    
   13.73808       44.91842    
   13.73456       44.92019    
   13.73661       44.92341    
   13.74072       44.92488    
   13.74571       44.92371    
   13.74952       44.92165    
   13.75304       44.91960    
   13.75832       44.91842    
   13.76419       44.91872    
   13.76830       44.91696    
   13.76859       44.91285    
   13.77094       44.90992    
   13.77240       44.90669    
   13.77035       44.90376    
   13.76565       44.90258    
   13.75979       44.90229    
   13.75568       44.90082    
   13.75275       44.89818    
   13.75099       44.89437    
   13.74747       44.89261    
   13.74336       44.89495    
   28
   13.28074       45.71019    
   13.27429       45.71048    
   13.26989       45.71224    
   13.26842       45.71547    
   13.26959       45.71840    
   13.27458       45.71957    
   13.27869       45.72104    
   13.28015       45.72456    
   13.28191       45.72808    
   13.28543       45.73014    
   13.28983       45.73190    
   13.29570       45.73190    
   13.30157       45.73219    
   13.30685       45.73278    
   13.31154       45.73395    
   13.31653       45.73512    
   13.31858       45.73307    
   13.31770       45.73014    
   13.31624       45.72632    
   13.31301       45.72398    
   13.31037       45.72104    
   13.30597       45.71957    
   13.30245       45.71752    
   13.29922       45.71518    
   13.29570       45.71341    
   13.29071       45.71195    
   13.28661       45.71048    
   13.28074       45.71019    
   33
   12.38513       45.44969    
   12.38308       45.45204    
   12.38014       45.45438    
   12.37574       45.45614    
   12.37281       45.45849    
   12.37222       45.46172    
   12.37574       45.46377    
   12.37926       45.46612    
   12.38396       45.46729    
   12.38924       45.46788    
   12.39041       45.46407    
   12.39041       45.45996    
   12.39628       45.46025    
   12.40038       45.46201    
   12.40390       45.46377    
   12.40713       45.46612    
   12.40772       45.46964    
   12.40860       45.47374    
   12.41212       45.47580    
   12.41740       45.47668    
   12.42180       45.47492    
   12.42268       45.47140    
   12.42180       45.46729    
   12.41887       45.46465    
   12.41623       45.46201    
   12.41182       45.46025    
   12.40801       45.45849    
   12.40508       45.45614    
   12.40214       45.45350    
   12.39950       45.45086    
   12.39569       45.44852    
   12.39012       45.44852    
   12.38513       45.44969    
   68
   12.36107       45.41683    
   12.36401       45.41948    
   12.36606       45.42241    
   12.36958       45.42476    
   12.37369       45.42651    
   12.37721       45.42857    
   12.38043       45.43062    
   12.38425       45.43267    
   12.38865       45.43297    
   12.38836       45.42945    
   12.38601       45.42651    
   12.38337       45.42358    
   12.38014       45.42123    
   12.37750       45.41830    
   12.37428       45.41625    
   12.37193       45.41302    
   12.36899       45.41067    
   12.36665       45.40745    
   12.36430       45.40451    
   12.36166       45.40158    
   12.35931       45.39865    
   12.35726       45.39542    
   12.35433       45.39278    
   12.35139       45.39014    
   12.34875       45.38750    
   12.34582       45.38486    
   12.34347       45.38192    
   12.34142       45.37899    
   12.33907       45.37547    
   12.33702       45.37254    
   12.33467       45.36931    
   12.33262       45.36638    
   12.33086       45.36286    
   12.32851       45.35963    
   12.32705       45.35611    
   12.32587       45.35200    
   12.32499       45.34790    
   12.32382       45.34379    
   12.32822       45.34232    
   12.33291       45.34056    
   12.33027       45.34115    
   12.32440       45.34203    
   12.32030       45.34027    
   12.31590       45.34085    
   12.31326       45.34379    
   12.31443       45.34790    
   12.31678       45.35112    
   12.31942       45.35347    
   12.32294       45.35582    
   12.32499       45.35816    
   12.32734       45.36110    
   12.32880       45.36462    
   12.33057       45.36843    
   12.33232       45.37195    
   12.33379       45.37547    
   12.33614       45.37870    
   12.33819       45.38163    
   12.33995       45.38456    
   12.34201       45.38662    
   12.34347       45.39014    
   12.34582       45.39336    
   12.34817       45.39630    
   12.35022       45.39952    
   12.35257       45.40246    
   12.35462       45.40569    
   12.35638       45.40921    
   12.35873       45.41243    
   12.36107       45.41683    
   36
   12.31678       45.43179    
   12.31355       45.43297    
   12.31062       45.43561    
   12.30886       45.43884    
   12.31208       45.44118    
   12.31648       45.44265    
   12.31854       45.44470    
   12.32030       45.44822    
   12.32470       45.44969    
   12.33057       45.44881    
   12.33643       45.44793    
   12.33849       45.45145    
   12.33966       45.45526    
   12.34083       45.45937    
   12.34171       45.46260    
   12.34582       45.46407    
   12.35081       45.46318    
   12.35345       45.46025    
   12.35374       45.45614    
   12.35139       45.45292    
   12.34729       45.45145    
   12.34435       45.44852    
   12.34142       45.44617    
   12.34113       45.44236    
   12.34641       45.44147    
   12.35227       45.44177    
   12.35403       45.43825    
   12.35345       45.43356    
   12.35257       45.42974    
   12.34787       45.42827    
   12.34347       45.43003    
   12.33878       45.43179    
   12.33379       45.43267    
   12.32851       45.43209    
   12.32323       45.43150    
   12.31678       45.43179    
   28
   12.31560       45.23759    
   12.31120       45.23877    
   12.30622       45.23994    
   12.30240       45.24229    
   12.30094       45.24522    
   12.30123       45.24903    
   12.30328       45.25226    
   12.30504       45.25578    
   12.30680       45.25930    
   12.30739       45.26341    
   12.30856       45.26752    
   12.30944       45.27162    
   12.31003       45.27602    
   12.31120       45.28042    
   12.31208       45.28424    
   12.31238       45.28893    
   12.31267       45.29333    
   12.31326       45.29802    
   12.31355       45.30243    
   12.31472       45.30653    
   12.31648       45.31034    
   12.31766       45.31387    
   12.31883       45.31797    
   12.32059       45.32149    
   12.32176       45.32560    
   12.32206       45.33030    
   12.32558       45.33235    
   12.32910       45.33176    
   48
   12.56730       45.51276    
   12.56848       45.51687    
   12.57317       45.51804    
   12.57933       45.51775    
   12.58578       45.51745    
   12.59106       45.51628    
   12.59634       45.51687    
   12.60045       45.51863    
   12.59986       45.52185    
   12.59928       45.52567    
   12.59752       45.52890    
   12.59458       45.53154    
   12.59077       45.53329    
   12.59018       45.53652    
   12.59400       45.53857    
   12.59869       45.53975    
   12.60456       45.54004    
   12.60984       45.53975    
   12.61218       45.53975    
   12.61747       45.53946    
   12.62333       45.53857    
   12.62920       45.53799    
   12.63301       45.53682    
   12.63653       45.53593    
   12.64064       45.53476    
   12.64357       45.53300    
   12.64621       45.53036    
   12.64445       45.52655    
   12.64269       45.52303    
   12.64064       45.52010    
   12.63829       45.51687    
   12.63419       45.51540    
   12.62832       45.51599    
   12.62392       45.51657    
   12.62128       45.51775    
   12.61541       45.51833    
   12.61013       45.51863    
   12.60779       45.51892    
   12.60163       45.51863    
   12.59986       45.51628    
   12.59605       45.51452    
   12.59341       45.51159    
   12.58930       45.51012    
   12.58432       45.50895    
   12.57904       45.50836    
   12.57405       45.50953    
   12.56877       45.51041    
   12.56730       45.51276    
   22
   12.22085       45.37459    
   12.21850       45.37635    
   12.21880       45.37987    
   12.21968       45.38310    
   12.21880       45.38691    
   12.21586       45.38955    
   12.21322       45.39219    
   12.21117       45.39513    
   12.21088       45.39923    
   12.21410       45.40129    
   12.21938       45.40099    
   12.22261       45.39865    
   12.22320       45.39513    
   12.22437       45.39102    
   12.22672       45.38838    
   12.22965       45.38574    
   12.23288       45.38368    
   12.23258       45.37987    
   12.22965       45.37723    
   12.22906       45.37283    
   12.22584       45.37136    
   12.22085       45.37459    
   47
   12.15309       45.38046    
   12.15103       45.38310    
   12.14956       45.38603    
   12.14986       45.39014    
   12.15514       45.38867    
   12.15807       45.38633    
   12.16042       45.38339    
   12.16277       45.38046    
   12.16629       45.37870    
   12.17069       45.37694    
   12.17597       45.37576    
   12.18125       45.37547    
   12.18653       45.37635    
   12.18946       45.37899    
   12.18829       45.38163    
   12.18447       45.38398    
   12.18213       45.38662    
   12.18447       45.38897    
   12.19093       45.38867    
   12.19621       45.38750    
   12.19826       45.38456    
   12.19709       45.38046    
   12.19826       45.37782    
   12.20208       45.37576    
   12.20589       45.37371    
   12.21029       45.37225    
   12.21528       45.37107    
   12.21821       45.36872    
   12.21850       45.36432    
   12.21528       45.36227    
   12.21088       45.36198    
   12.20560       45.36139    
   12.20149       45.35963    
   12.19709       45.36021    
   12.19240       45.36198    
   12.18799       45.36374    
   12.18272       45.36462    
   12.17773       45.36579    
   12.17567       45.36872    
   12.17303       45.37048    
   12.16775       45.36960    
   12.16189       45.36960    
   12.15807       45.37166    
   12.15455       45.37371    
   12.15103       45.37489    
   12.15221       45.37840    
   12.15309       45.38046    
   43
   12.15162       45.33440    
   12.15455       45.33616    
   12.16042       45.33645    
   12.16599       45.33645    
   12.17039       45.33792    
   12.17245       45.34115    
   12.17010       45.34408    
   12.16570       45.34555    
   12.16042       45.34496    
   12.15397       45.34526    
   12.14986       45.34731    
   12.14839       45.35054    
   12.14751       45.35406    
   12.14722       45.35846    
   12.15045       45.36051    
   12.15485       45.36227    
   12.15954       45.36344    
   12.16335       45.36315    
   12.16570       45.36021    
   12.16805       45.35757    
   12.17186       45.35904    
   12.17597       45.36080    
   12.18007       45.36256    
   12.18536       45.36315    
   12.19063       45.36198    
   12.19415       45.35992    
   12.19709       45.35757    
   12.19826       45.35376    
   12.19709       45.34966    
   12.19562       45.34613    
   12.19386       45.34261    
   12.19240       45.33880    
   12.19151       45.33499    
   12.18976       45.33147    
   12.18653       45.32912    
   12.18213       45.32736    
   12.17626       45.32736    
   12.17010       45.32736    
   12.16482       45.32766    
   12.15983       45.32883    
   12.15309       45.32912    
   12.14956       45.33117    
   12.15162       45.33440    
   30
   12.16306       45.31504    
   12.15983       45.31680    
   12.15661       45.31885    
   12.15309       45.32120    
   12.14927       45.32296    
   12.14429       45.32413    
   12.13988       45.32237    
   12.13930       45.31827    
   12.13813       45.31416    
   12.13783       45.30976    
   12.13666       45.30565    
   12.13636       45.30125    
   12.13578       45.29626    
   12.13548       45.29187    
   12.13519       45.28746    
   12.13460       45.28277    
   12.13490       45.27866    
   12.13519       45.27456    
   12.13490       45.26986    
   12.13578       45.26634    
   12.13900       45.26400    
   12.14282       45.26370    
   12.14634       45.26575    
   12.14810       45.26957    
   12.15015       45.27250    
   12.15103       45.27661    
   12.15279       45.28042    
   12.15397       45.28453    
   12.15514       45.28776    
   12.15602       45.28922    
   20
   12.32030       45.04897    
   12.31443       45.04955    
   12.30944       45.05073    
   12.30504       45.05219    
   12.30182       45.05483    
   12.30035       45.05806    
   12.30006       45.06217    
   12.30152       45.06569    
   12.30680       45.06628    
   12.31208       45.06540    
   12.31590       45.06334    
   12.31883       45.06070    
   12.32382       45.05982    
   12.32880       45.05865    
   12.33291       45.05659    
   12.33555       45.05425    
   12.33731       45.05073    
   12.33438       45.04838    
   12.32851       45.04809    
   12.32030       45.04897    
   41
   12.31032       44.97211    
   12.31003       44.97563    
   12.31032       44.98003    
   12.31003       44.98326    
   12.30974       44.98736    
   12.30798       44.99088    
   12.30680       44.99440    
   12.30387       44.99704    
   12.30211       44.99998    
   12.30006       45.00291    
   12.29976       45.00731    
   12.30006       45.01083    
   12.30387       45.01054    
   12.30886       45.00937    
   12.31414       45.00819    
   12.32000       45.00760    
   12.32411       45.00614    
   12.32792       45.00409    
   12.33291       45.00291    
   12.33731       45.00438    
   12.33995       45.00731    
   12.34347       45.00937    
   12.34875       45.00995    
   12.35169       45.00760    
   12.35139       45.00379    
   12.34905       45.00086    
   12.34611       44.99792    
   12.34289       44.99616    
   12.33937       44.99382    
   12.33731       44.99088    
   12.33496       44.98766    
   12.33379       44.98355    
   12.33057       44.98149    
   12.32646       44.97974    
   12.32353       44.97710    
   12.32265       44.97299    
   12.32118       44.96947    
   12.31795       44.96683    
   12.31296       44.96712    
   12.31150       44.97035    
   12.31032       44.97211    
   18
   12.43559       44.96037    
   12.43529       44.96331    
   12.43617       44.96741    
   12.43969       44.96976    
   12.44292       44.97181    
   12.44820       44.97240    
   12.45407       44.97269    
   12.45905       44.97152    
   12.46404       44.97035    
   12.46815       44.96830    
   12.46727       44.96624    
   12.46257       44.96507    
   12.45847       44.96331    
   12.45436       44.96155    
   12.44967       44.96067    
   12.44497       44.95950    
   12.43911       44.95920    
   12.43559       44.96037    
   48
   12.22672       44.76412    
   12.22144       44.76441    
   12.21586       44.76500    
   12.21000       44.76588    
   12.20501       44.76706    
   12.20061       44.76852    
   12.19826       44.77145    
   12.19973       44.77497    
   12.20208       44.77820    
   12.20413       44.78114    
   12.20648       44.78436    
   12.20794       44.78817    
   12.20970       44.79169    
   12.21264       44.79404    
   12.21410       44.79786    
   12.21498       44.80196    
   12.21674       44.80548    
   12.22056       44.80607    
   12.22349       44.80460    
   12.22760       44.80284    
   12.22965       44.80079    
   12.23347       44.79874    
   12.23787       44.79727    
   12.24373       44.79639    
   12.24989       44.79610    
   12.25576       44.79551    
   12.26016       44.79375    
   12.26280       44.79199    
   12.26368       44.78905    
   12.26339       44.78642    
   12.26251       44.78231    
   12.26016       44.77908    
   12.25811       44.77615    
   12.25517       44.77351    
   12.25371       44.76999    
   12.25459       44.76617    
   12.25429       44.76236    
   12.25341       44.75825    
   12.25165       44.75473    
   12.24901       44.75209    
   12.24461       44.75063    
   12.24315       44.75385    
   12.24285       44.75708    
   12.24403       44.76118    
   12.24403       44.76471    
   12.24021       44.76500    
   12.23435       44.76471    
   12.22672       44.76412    
   24
   12.18154       44.67670    
   12.18095       44.68052    
   12.18037       44.68462    
   12.17949       44.68843    
   12.18154       44.69049    
   12.18653       44.68932    
   12.19034       44.68755    
   12.19328       44.68491    
   12.19709       44.68316    
   12.20090       44.68110    
   12.20442       44.67875    
   12.20794       44.67699    
   12.21117       44.67465    
   12.21264       44.67230    
   12.21000       44.67054    
   12.20560       44.66936    
   12.20061       44.67054    
   12.19621       44.67113    
   12.19328       44.66849    
   12.19122       44.66526    
   12.18594       44.66555    
   12.18359       44.66819    
   12.18183       44.67171    
   12.18154       44.67670    
  153
   12.12610       44.56874    
   12.12316       44.57021    
   12.11994       44.57285    
   12.11642       44.57461    
   12.11319       44.57696    
   12.11026       44.57931    
   12.10791       44.58224    
   12.10762       44.58635    
   12.10732       44.59045    
   12.10644       44.59456    
   12.10615       44.59837    
   12.10586       44.60248    
   12.10556       44.60659    
   12.10527       44.61069    
   12.10498       44.61510    
   12.10439       44.61920    
   12.10410       44.62331    
   12.10468       44.62771    
   12.10644       44.63152    
   12.10732       44.63563    
   12.10703       44.63974    
   12.10850       44.64326    
   12.11026       44.64707    
   12.11319       44.64942    
   12.11876       44.64971    
   12.12434       44.64883    
   12.13020       44.64912    
   12.13548       44.65001    
   12.14077       44.65059    
   12.14575       44.65147    
   12.15103       44.65206    
   12.15514       44.65353    
   12.15925       44.65528    
   12.16394       44.65646    
   12.16775       44.65792    
   12.17215       44.65675    
   12.17186       44.65265    
   12.16981       44.64971    
   12.16629       44.64766    
   12.16159       44.64648    
   12.15573       44.64648    
   12.14986       44.64619    
   12.14458       44.64531    
   12.14018       44.64414    
   12.13813       44.64120    
   12.13842       44.63680    
   12.13930       44.63329    
   12.13900       44.62859    
   12.13783       44.62478    
   12.13695       44.62067    
   12.13519       44.61686    
   12.13548       44.61861    
   12.13695       44.62214    
   12.13813       44.62624    
   12.13842       44.63123    
   12.13930       44.63504    
   12.13783       44.63827    
   12.13754       44.64238    
   12.14135       44.64414    
   12.14604       44.64531    
   12.15133       44.64619    
   12.15778       44.64590    
   12.16365       44.64590    
   12.16893       44.64678    
   12.17098       44.64384    
   12.17362       44.64267    
   12.17685       44.64502    
   12.18125       44.64678    
   12.18565       44.64766    
   12.19151       44.64707    
   12.19650       44.64590    
   12.20208       44.64531    
   12.20853       44.64502    
   12.21264       44.64560    
   12.21616       44.64355    
   12.21733       44.64003    
   12.21762       44.63593    
   12.22056       44.63329    
   12.22290       44.63152    
   12.22584       44.62888    
   12.23170       44.62830    
   12.23347       44.63065    
   12.23522       44.63416    
   12.23816       44.63680    
   12.24344       44.63651    
   12.24491       44.63416    
   12.24520       44.63006    
   12.24608       44.62624    
   12.24725       44.62243    
   12.24901       44.61920    
   12.24931       44.61539    
   12.25077       44.61187    
   12.25165       44.60806    
   12.25283       44.60453    
   12.25312       44.60014    
   12.25341       44.59603    
   12.25283       44.59163    
   12.25136       44.58811    
   12.25019       44.58400    
   12.24813       44.58165    
   12.24403       44.57989    
   12.23845       44.58077    
   12.23405       44.58224    
   12.22848       44.58312    
   12.22320       44.58253    
   12.21968       44.58019    
   12.21762       44.57725    
   12.21733       44.57432    
   12.21557       44.57080    
   12.21176       44.56904    
   12.20765       44.56757    
   12.20501       44.56464    
   12.20325       44.56112    
   12.20061       44.55848    
   12.19709       44.55642    
   12.19445       44.55555    
   12.18917       44.55496    
   12.18389       44.55408    
   12.17743       44.55437    
   12.17098       44.55466    
   12.16482       44.55496    
   12.15954       44.55437    
   12.15514       44.55408    
   12.15485       44.55848    
   12.15397       44.56200    
   12.15279       44.56581    
   12.15045       44.56874    
   12.14956       44.57227    
   12.14869       44.57608    
   12.14751       44.57960    
   12.14663       44.58341    
   12.14546       44.58723    
   12.14458       44.59075    
   12.14429       44.59427    
   12.14458       44.58987    
   12.14546       44.58606    
   12.14663       44.58253    
   12.14751       44.57901    
   12.14839       44.57491    
   12.14956       44.57138    
   12.15015       44.56787    
   12.15191       44.56435    
   12.15309       44.56053    
   12.15338       44.55672    
   12.15103       44.55320    
   12.14458       44.55349    
   12.13900       44.55437    
   12.13725       44.55789    
   12.13695       44.56200    
   12.13519       44.56493    
   12.13108       44.56669    
   12.12580       44.56787    
   12.12610       44.56874    
  61
13.182760	45.710775
13.183346	45.710481
13.188333	45.710481
13.189213	45.711361
13.191560	45.711361
13.192440	45.711948
13.205641	45.711948
13.206521	45.712828
13.212388	45.712828
13.213268	45.713708
13.214149	45.712828
13.215029	45.713708
13.221482	45.713708
13.222362	45.714588
13.227349	45.714588
13.228230	45.715468
13.231456	45.715468
13.232337	45.716348
13.234097	45.716348
13.234977	45.717228
13.238204	45.717228
13.239084	45.717815
13.240844	45.717815
13.241724	45.718695
13.242604	45.718695
13.242897	45.719282
13.242897	45.720162
13.243777	45.720749
13.242311	45.722215
13.238204	45.721922
13.237324	45.721335
13.236443	45.721335
13.235857	45.720455
13.234977	45.720455
13.234097	45.721335
13.228230	45.721335
13.226469	45.719575
13.222362	45.719575
13.221482	45.718695
13.220016	45.718695
13.219136	45.717815
13.213268	45.717815
13.212388	45.718695
13.211508	45.717815
13.210042	45.717815
13.209162	45.718695
13.206521	45.718695
13.205348	45.717522
13.205348	45.716642
13.205055	45.716348
13.204174	45.716348
13.203294	45.715468
13.193320	45.715468
13.192440	45.716348
13.188333	45.716348
13.186573	45.714588
13.185693	45.714588
13.184813	45.713708
13.184226	45.713708
13.182760	45.712535
13.182760	45.710775
  15
13.285434	45.716642
13.285727	45.716348
13.287487	45.716348
13.287780	45.716642
13.287780	45.717522
13.288367	45.717815
13.289834	45.717815
13.290714	45.718695
13.292474	45.718695
13.293061	45.719575
13.293941	45.719575
13.294821	45.718695
13.295701	45.718695
13.297168	45.719869
13.297125	45.720000
  18
13.256098	45.717522
13.258152	45.715468
13.259912	45.715468
13.260792	45.714588
13.262552	45.714588
13.263139	45.713708
13.264019	45.713708
13.264606	45.714295
13.264606	45.715175
13.265192	45.715762
13.264899	45.716348
13.264019	45.716348
13.263139	45.717228
13.261672	45.717228
13.259912	45.718695
13.256685	45.718695
13.256098	45.718402
13.256098	45.717522
  28
13.271353	45.712535
13.272526	45.711361
13.273406	45.711361
13.273993	45.710481
13.278100	45.710481
13.280740	45.712828
13.281620	45.712828
13.283087	45.714588
13.283967	45.714588
13.284554	45.714882
13.284554	45.716642
13.283674	45.717522
13.283674	45.719282
13.283380	45.719575
13.282500	45.719575
13.281620	45.718695
13.280740	45.718695
13.279860	45.717815
13.278100	45.717815
13.277806	45.717522
13.277806	45.714882
13.276926	45.714295
13.276926	45.713415
13.276633	45.712828
13.275753	45.712828
13.274873	45.713708
13.272526	45.713708
13.271353	45.712535
  17
13.285434	45.713415
13.286607	45.712241
13.287487	45.711948
13.289834	45.709601
13.290714	45.709601
13.291594	45.708721
13.297461	45.708721
13.297755	45.709308
13.297755	45.709895
13.297168	45.710775
13.296874	45.712535
13.295701	45.713708
13.293354	45.713708
13.292474	45.714588
13.285727	45.714588
13.285140	45.714295
13.285434	45.713415
  90
13.307142	45.694933
13.309195	45.692880
13.309782	45.692880
13.310662	45.692000
13.311542	45.692000
13.312422	45.691120
13.313889	45.691413
13.314769	45.690533
13.316529	45.690533
13.317409	45.689653
13.318289	45.689653
13.319169	45.688773
13.319756	45.688773
13.320636	45.687893
13.321516	45.687893
13.322396	45.687013
13.323276	45.687013
13.324156	45.686133
13.325037	45.686133
13.325623	45.685546
13.326503	45.685546
13.327383	45.684666
13.328263	45.684666
13.329143	45.683786
13.330024	45.683786
13.331490	45.682026
13.332370	45.682026
13.333250	45.681146
13.334130	45.681146
13.335011	45.680559
13.335597	45.680559
13.336477	45.679679
13.340584	45.679679
13.341464	45.678799
13.344105	45.678799
13.344985	45.677919
13.348212	45.677919
13.349092	45.678799
13.350558	45.678799
13.352025	45.679972
13.352025	45.680852
13.352905	45.681732
13.352318	45.682026
13.350852	45.682026
13.349972	45.681146
13.349092	45.681146
13.348212	45.680559
13.347331	45.680559
13.346451	45.679679
13.345865	45.679679
13.344985	45.680266
13.343224	45.680559
13.342344	45.681146
13.340878	45.681146
13.339998	45.682026
13.339118	45.682026
13.338237	45.682906
13.336477	45.682906
13.335891	45.683786
13.335011	45.683786
13.334130	45.684666
13.333250	45.684666
13.332370	45.685546
13.330904	45.685253
13.330024	45.686133
13.329143	45.686133
13.327383	45.687893
13.326503	45.687893
13.325623	45.688773
13.324743	45.688773
13.324156	45.689653
13.323276	45.689653
13.322396	45.690533
13.321516	45.690533
13.320636	45.691120
13.320049	45.691120
13.319169	45.692000
13.318289	45.692000
13.317409	45.692880
13.316529	45.692880
13.315649	45.693760
13.315062	45.693760
13.314182	45.694640
13.313302	45.694640
13.312422	45.695520
13.310662	45.695520
13.309782	45.696107
13.307435	45.696107
13.307142	45.695814
13.307142	45.694933
  29
13.338531	45.691707
13.339118	45.691413
13.340584	45.691120
13.341171	45.690826
13.341171	45.689946
13.341464	45.689653
13.342344	45.689653
13.343224	45.688773
13.344105	45.688773
13.344985	45.687893
13.345865	45.688773
13.347331	45.688773
13.347918	45.689066
13.347918	45.690826
13.347331	45.691120
13.344105	45.691120
13.343224	45.692000
13.342344	45.692000
13.341171	45.693467
13.341758	45.693760
13.342344	45.693760
13.342931	45.694053
13.342931	45.694933
13.342344	45.695520
13.339998	45.695520
13.339411	45.694933
13.339411	45.694347
13.338824	45.693467
13.338531	45.691707
