-23.7 -168.0  1 20120207 1200  42  993
-25.9 -166.0  1 20120207 1800  43  991
-27.9 -163.2  1 20120208    0  47  992
-29.9 -160.4  1 20120208  600  46  991
-31.0 -157.8  1 20120208 1200  43  992
-31.8 -155.9  1 20120208 1800  38  993
-32.1 -153.9  1 20120209    0  37  994
-24.0 -168.0  2 20120207 1200  47  991
-25.9 -165.4  2 20120207 1800  47  990
-28.2 -162.6  2 20120208    0  44  988
-29.9 -159.5  2 20120208  600  43  989
-31.3 -156.4  2 20120208 1200  45  988
-32.7 -154.5  2 20120208 1800  41  988
-34.4 -151.1  2 20120209  600  34  991
-35.8 -149.4  2 20120209 1200  33  990
-24.0 -167.7  3 20120207 1200  48  988
-25.7 -165.4  3 20120207 1800  43  989
-27.6 -162.6  3 20120208    0  46  990
-29.0 -160.1  3 20120208  600  43  990
-30.2 -157.5  3 20120208 1200  45  990
-31.6 -154.7  3 20120208 1800  41  990
-32.4 -152.8  3 20120209    0  38  988
-33.3 -150.8  3 20120209  600  40  988
-34.4 -148.3  3 20120209 1200  38  988
-35.8 -146.3  3 20120209 1800  38  988
-37.2 -145.0  3 20120210    0  42  982
-38.7 -143.9  3 20120210  600  45  979
-40.0 -142.9  3 20120210 1200  45  976
-41.4 -141.8  3 20120210 1800  45  975
-42.8 -141.2  3 20120211    0  43  975
-43.9 -140.4  3 20120211  600  41  976
-44.8 -139.3  3 20120211 1200  39  976
-45.6 -138.1  3 20120211 1800  38  979
-46.7 -137.0  3 20120212    0  36  979
-47.6 -136.5  3 20120212  600  34  980
-48.4 -135.9  3 20120212 1200  34  981
-49.0 -135.6  3 20120212 1800  32  983
-49.8 -135.0  3 20120213    0  29  984
-50.7 -134.2  3 20120213  600  28  985
-51.5 -133.4  3 20120213 1200  29  987
-23.7 -168.8  4 20120207 1200  62  993
-26.2 -166.4  4 20120207 1800  47  990
-28.5 -164.0  4 20120208    0  46  989
-29.9 -160.6  4 20120208  600  47  990
-31.6 -158.1  4 20120208 1200  44  990
-33.0 -155.6  4 20120208 1800  37  991
-33.8 -153.9  4 20120209    0  36  994
-23.7 -168.0  5 20120207 1200  43  992
-25.9 -165.7  5 20120207 1800  45  989
-27.6 -163.2  5 20120208    0  48  990
-30.2 -159.8  5 20120208  600  45  988
-31.8 -157.0  5 20120208 1200  47  986
-33.3 -154.2  5 20120208 1800  45  983
-34.1 -151.9  5 20120209    0  45  985
-35.1 -149.7  5 20120209  600  37  990
-36.2 -148.4  5 20120209 1200  35  989
-37.7 -147.0  5 20120209 1800  36  988
-41.0 -144.9  5 20120210  600  43  978
-42.2 -144.6  5 20120210 1200  45  973
-43.4 -142.9  5 20120210 1800  50  972
-44.8 -142.1  5 20120211    0  46  972
-45.9 -141.5  5 20120211  600  42  973
-46.5 -140.7  5 20120211 1200  38  973
-47.3 -139.5  5 20120211 1800  36  976
-47.7 -138.5  5 20120212    0  31  978
-47.9 -137.3  5 20120212  600  31  980
-48.1 -136.2  5 20120212 1200  29  983
-48.1 -134.8  5 20120212 1800  27  986
-48.1 -133.1  5 20120213    0  31  989
-24.0 -168.0  6 20120207 1200  46  992
-26.2 -165.7  6 20120207 1800  45  990
-28.4 -163.1  6 20120208    0  46  988
-29.9 -160.1  6 20120208  600  45  989
-31.0 -157.8  6 20120208 1200  43  990
-32.4 -153.3  6 20120209    0  38  993
-33.3 -151.1  6 20120209  600  34  995
-23.7 -168.0  7 20120207 1200  42  993
-25.9 -165.4  7 20120207 1800  43  990
-28.5 -162.3  7 20120208    0  46  990
-30.7 -159.5  7 20120208  600  43  989
-32.1 -156.7  7 20120208 1200  41  988
-33.0 -154.2  7 20120208 1800  46  988
-34.4 -151.9  7 20120209    0  40  989
-36.9 -148.5  7 20120209 1200  36  989
-24.0 -168.0  8 20120207 1200  49  991
-26.2 -166.3  8 20120207 1800  47  989
-27.9 -164.3  8 20120208    0  42  988
-29.3 -161.2  8 20120208  600  44  989
-30.7 -158.7  8 20120208 1200  48  989
-31.8 -156.7  8 20120208 1800  40  990
-32.7 -155.0  8 20120209    0  41  991
-33.8 -153.3  8 20120209  600  40  990
-34.9 -151.9  8 20120209 1200  37  988
-37.5 -150.2  8 20120210    0  42  980
-38.9 -149.1  8 20120210  600  43  977
-40.6 -148.8  8 20120210 1200  44  975
-41.4 -148.3  8 20120210 1800  41  974
-42.5 -147.4  8 20120211    0  44  972
-43.9 -146.6  8 20120211  600  37  973
-45.1 -146.0  8 20120211 1200  38  971
-45.9 -145.2  8 20120211 1800  38  972
-47.0 -144.6  8 20120212    0  36  971
-48.1 -143.5  8 20120212  600  34  972
-49.8 -142.6  8 20120212 1200  35  973
-51.5 -141.8  8 20120212 1800  32  974
-52.6 -141.2  8 20120213    0  31  976
-24.0 -168.0  9 20120207 1200  40  991
-25.9 -166.0  9 20120207 1800  46  989
-27.6 -163.2  9 20120208    0  48  989
-29.9 -160.1  9 20120208  600  48  987
-31.3 -157.8  9 20120208 1200  47  987
-32.7 -155.3  9 20120208 1800  42  988
-33.5 -153.0  9 20120209    0  42  989
-34.7 -151.1  9 20120209  600  40  990
-35.8 -149.1  9 20120209 1200  38  989
-37.2 -147.7  9 20120209 1800  37  987
-38.9 -146.3  9 20120210    0  40  982
-40.8 -145.5  9 20120210  600  43  978
-42.5 -145.7  9 20120210 1200  43  973
-43.7 -145.5  9 20120210 1800  41  972
-44.2 -145.3  9 20120211    0  44  971
-45.1 -144.6  9 20120211  600  40  973
-45.6 -143.8  9 20120211 1200  38  975
-46.2 -142.6  9 20120211 1800  35  978
-46.6 -141.9  9 20120212    0  31  981
-47.0 -140.7  9 20120212  600  32  982
-47.6 -139.0  9 20120212 1200  30  985
-48.4 -137.3  9 20120212 1800  30  988
-49.6 -135.9  9 20120213    0  29  990
-24.0 -168.0 10 20120207 1200  48  992
-26.2 -165.7 10 20120207 1800  42  991
-28.2 -163.2 10 20120208    0  44  991
-29.6 -160.4 10 20120208  600  42  992
-30.7 -158.1 10 20120208 1200  39  992
-24.0 -168.0 11 20120207 1200  45  990
-25.7 -165.7 11 20120207 1800  46  989
-27.6 -162.6 11 20120208    0  51  987
-29.3 -159.8 11 20120208  600  50  986
-31.0 -157.3 11 20120208 1200  47  984
-32.1 -154.7 11 20120208 1800  47  983
-33.5 -152.2 11 20120209    0  44  986
-34.9 -150.2 11 20120209  600  38  986
-36.3 -149.1 11 20120209 1200  39  983
-38.0 -148.5 11 20120209 1800  48  979
-40.0 -148.3 11 20120210    0  44  973
-41.4 -148.3 11 20120210  600  51  968
-42.5 -148.0 11 20120210 1200  49  966
-43.7 -148.0 11 20120210 1800  48  965
-44.2 -147.4 11 20120211    0  43  966
-44.5 -146.9 11 20120211  600  40  969
-44.8 -146.0 11 20120211 1200  40  973
-45.1 -145.2 11 20120211 1800  34  976
-45.3 -144.6 11 20120212    0  33  978
-45.6 -143.8 11 20120212  600  32  980
-23.7 -168.0 12 20120207 1200  45  994
-26.2 -165.7 12 20120207 1800  42  992
-28.5 -163.0 12 20120208    0  42  992
-29.9 -159.8 12 20120208  600  41  994
-24.0 -168.0 13 20120207 1200  47  990
-25.9 -165.1 13 20120207 1800  49  987
-28.2 -162.3 13 20120208    0  49  987
-29.6 -159.7 13 20120208  600  47  986
-30.7 -156.7 13 20120208 1200  47  990
-31.7 -153.5 13 20120208 1800  43  991
-33.0 -151.1 13 20120209    0  37  992
-33.5 -149.1 13 20120209  600  36  993
-34.1 -147.1 13 20120209 1200  37  992
-23.7 -168.2 14 20120207 1200  53  993
-26.2 -166.3 14 20120207 1800  44  989
-27.9 -163.7 14 20120208    0  47  989
-29.9 -160.4 14 20120208  600  45  988
-30.7 -157.5 14 20120208 1200  44  988
-31.8 -155.0 14 20120208 1800  43  990
-24.0 -168.0 15 20120207 1200  42  992
-26.2 -165.7 15 20120207 1800  43  990
-27.9 -163.2 15 20120208    0  47  989
-29.9 -160.1 15 20120208  600  44  990
-31.0 -157.5 15 20120208 1200  48  989
-31.8 -155.0 15 20120208 1800  42  989
-33.5 -150.2 15 20120209  600  38  992
-34.4 -148.8 15 20120209 1200  37  991
-35.8 -147.4 15 20120209 1800  36  991
-23.7 -168.0 16 20120207 1200  47  992
-25.9 -165.7 16 20120207 1800  50  987
-27.6 -163.5 16 20120208    0  46  988
-29.0 -160.1 16 20120208  600  46  990
-30.4 -156.7 16 20120208 1200  47  990
-31.6 -153.9 16 20120208 1800  43  992
-32.1 -151.4 16 20120209    0  41  992
-32.7 -148.8 16 20120209  600  36  994
-33.3 -146.9 16 20120209 1200  35  995
-33.9 -145.0 16 20120209 1800  31  996
-24.0 -167.7 17 20120207 1200  49  989
-26.2 -165.1 17 20120207 1800  44  989
-28.2 -162.3 17 20120208    0  46  989
-29.6 -159.8 17 20120208  600  47  988
-30.2 -157.0 17 20120208 1200  44  991
-31.0 -154.5 17 20120208 1800  40  992
-32.4 -149.1 17 20120209  600  34  995
-33.0 -145.7 17 20120209 1200  33  996
-33.5 -146.0 17 20120209 1800  32  997
-23.7 -168.2 18 20120207 1200  47  993
-25.9 -166.3 18 20120207 1800  44  990
-27.6 -163.7 18 20120208    0  47  991
-29.3 -160.4 18 20120208  600  44  993
-31.3 -157.5 18 20120208 1200  40  993
-32.4 -155.3 18 20120208 1800  38  992
-34.9 -151.6 18 20120209  600  40  990
-36.6 -151.1 18 20120209 1200  42  986
-39.4 -150.8 18 20120210    0  43  978
-40.3 -151.1 18 20120210  600  44  978
-40.3 -151.4 18 20120210 1200  36  978
-40.8 -150.5 18 20120210 1800  38  978
-41.4 -150.5 18 20120211    0  34  977
-42.2 -150.0 18 20120211  600  31  978
-42.8 -149.7 18 20120211 1200  31  978
-43.7 -149.1 18 20120211 1800  29  979
-44.5 -148.8 18 20120212    0  27  978
-46.2 -146.6 18 20120212 1200  28  979
-24.0 -168.0 19 20120207 1200  44  990
-26.5 -166.0 19 20120207 1800  44  990
-28.5 -162.9 19 20120208    0  49  990
-30.4 -159.2 19 20120208  600  53  986
-32.4 -156.1 19 20120208 1200  49  986
-33.5 -153.9 19 20120208 1800  44  987
-34.4 -151.9 19 20120209    0  41  988
-35.5 -149.7 19 20120209  600  37  990
-36.6 -148.0 19 20120209 1200  37  989
-38.3 -147.4 19 20120209 1800  40  987
-40.0 -146.6 19 20120210    0  39  982
-41.1 -145.5 19 20120210  600  40  979
-42.5 -144.9 19 20120210 1200  41  976
-43.4 -144.9 19 20120210 1800  41  975
-44.2 -144.3 19 20120211    0  41  975
-45.1 -144.0 19 20120211  600  36  975
-45.3 -143.5 19 20120211 1200  39  976
-45.9 -142.4 19 20120211 1800  39  977
-47.0 -141.2 19 20120212    0  36  979
-47.6 -140.4 19 20120212  600  30  980
-48.1 -139.5 19 20120212 1200  29  982
-49.0 -138.4 19 20120212 1800  30  985
-50.4 -136.2 19 20120213  600  32  989
-51.2 -134.5 19 20120213 1200  30  990
-52.1 -132.5 19 20120213 1800  31  992
-23.7 -168.0 20 20120207 1200  45  993
-25.7 -165.7 20 20120207 1800  42  992
-27.9 -163.5 20 20120208    0  42  991
-29.0 -161.5 20 20120208  600  40  992
-23.7 -168.0 21 20120207 1200  41  992
-25.9 -166.0 21 20120207 1800  43  989
-27.5 -163.3 21 20120208    0  46  991
-29.3 -160.1 21 20120208  600  43  990
-30.4 -157.8 21 20120208 1200  41  991
-31.0 -155.3 21 20120208 1800  36  992
-24.0 -168.0 22 20120207 1200  48  991
-26.2 -165.4 22 20120207 1800  47  991
-28.8 -162.6 22 20120208    0  47  989
-30.4 -159.5 22 20120208  600  45  991
-31.8 -156.7 22 20120208 1200  48  991
-33.3 -155.3 22 20120208 1800  35  992
-24.0 -167.7 23 20120207 1200  50  988
-25.7 -165.4 23 20120207 1800  44  989
-27.9 -162.3 23 20120208    0  47  989
-29.9 -160.1 23 20120208  600  44  988
-32.4 -155.3 23 20120208 1800  42  989
-33.8 -153.6 23 20120209    0  38  987
-35.1 -151.9 23 20120209  600  41  985
-36.9 -150.8 23 20120209 1200  41  980
-38.9 -149.7 23 20120209 1800  44  975
-40.8 -149.1 23 20120210    0  45  972
-42.0 -149.1 23 20120210  600  45  969
-42.8 -148.5 23 20120210 1200  44  969
-43.9 -147.7 23 20120210 1800  44  969
-45.1 -147.7 23 20120211    0  40  969
-45.9 -148.3 23 20120211  600  37  969
-46.5 -148.5 23 20120211 1200  37  969
-46.7 -149.1 23 20120211 1800  34  970
-47.3 -149.4 23 20120212    0  31  971
-48.1 -149.4 23 20120212  600  32  970
-49.3 -149.4 23 20120212 1200  34  970
-50.4 -149.4 23 20120212 1800  30  970
-52.4 -150.0 23 20120213    0  32  969
-23.7 -168.8 24 20120207 1200  62  994
-26.1 -166.4 24 20120207 1800  47  989
-28.2 -164.0 24 20120208    0  47  989
-29.9 -160.4 24 20120208  600  45  991
-31.0 -157.8 24 20120208 1200  42  993
-23.7 -168.0 25 20120207 1200  44  992
-26.2 -165.7 25 20120207 1800  46  989
-27.9 -163.2 25 20120208    0  49  989
-30.2 -160.1 25 20120208  600  48  989
-31.6 -157.5 25 20120208 1200  45  990
-32.7 -155.3 25 20120208 1800  39  990
-33.5 -152.8 25 20120209    0  37  990
-34.7 -151.1 25 20120209  600  37  991
-35.8 -149.4 25 20120209 1200  36  990
-24.0 -168.0 26 20120207 1200  46  991
-25.9 -165.7 26 20120207 1800  45  990
-28.2 -163.2 26 20120208    0  43  989
-29.9 -160.1 26 20120208  600  43  989
-31.0 -157.8 26 20120208 1200  42  990
-31.8 -155.9 26 20120208 1800  40  991
-23.7 -168.0 27 20120207 1200  44  993
-25.9 -165.4 27 20120207 1800  43  991
-28.5 -162.6 27 20120208    0  46  990
-30.4 -160.1 27 20120208  600  41  990
-31.6 -158.1 27 20120208 1200  39  991
-24.0 -168.0 28 20120207 1200  48  991
-26.2 -166.0 28 20120207 1800  46  989
-27.9 -163.7 28 20120208    0  42  989
-29.3 -160.9 28 20120208  600  46  990
-31.0 -157.8 28 20120208 1200  45  990
-32.1 -155.3 28 20120208 1800  43  989
-33.5 -153.3 28 20120209    0  39  990
-34.7 -151.6 28 20120209  600  37  991
-35.8 -150.2 28 20120209 1200  39  988
-37.5 -149.4 28 20120209 1800  38  985
-38.9 -149.4 28 20120210    0  40  980
-40.3 -148.8 28 20120210  600  42  977
-41.7 -149.1 28 20120210 1200  44  975
-42.2 -148.8 28 20120210 1800  41  974
-43.7 -148.5 28 20120211    0  41  973
-44.8 -148.8 28 20120211  600  36  974
-45.3 -149.1 28 20120211 1200  34  973
-46.5 -148.3 28 20120211 1800  35  973
-47.9 -147.7 28 20120212    0  34  974
-49.0 -146.3 28 20120212  600  32  974
-50.4 -144.9 28 20120212 1200  31  974
-51.8 -143.2 28 20120212 1800  31  976
-24.0 -168.0 29 20120207 1200  42  991
-25.9 -166.0 29 20120207 1800  46  990
-27.6 -163.2 29 20120208    0  49  989
-29.6 -159.8 29 20120208  600  49  988
-31.6 -157.0 29 20120208 1200  47  988
-33.3 -154.5 29 20120208 1800  42  987
-34.4 -152.5 29 20120209    0  39  988
-35.8 -150.8 29 20120209  600  41  988
-37.5 -149.4 29 20120209 1200  38  985
-39.4 -148.3 29 20120209 1800  41  983
-41.4 -148.3 29 20120210    0  42  977
-42.8 -148.0 29 20120210  600  44  973
-44.2 -147.7 29 20120210 1200  43  973
-45.1 -148.0 29 20120210 1800  36  974
-45.5 -147.3 29 20120211    0  36  974
-45.9 -146.0 29 20120211  600  34  975
-46.7 -144.3 29 20120211 1200  33  976
-47.7 -143.0 29 20120211 1800  31  978
-48.1 -141.2 29 20120212    0  30  979
-49.0 -139.5 29 20120212  600  27  981
-49.8 -137.9 29 20120212 1200  27  983
-24.0 -168.0 30 20120207 1200  46  993
-26.2 -165.7 30 20120207 1800  43  992
-28.2 -163.2 30 20120208    0  42  992
-29.6 -160.6 30 20120208  600  40  993
-30.7 -157.8 30 20120208 1200  42  994
-24.0 -168.0 31 20120207 1200  44  990
-25.7 -165.7 31 20120207 1800  44  989
-27.6 -162.9 31 20120208    0  50  987
-29.3 -160.4 31 20120208  600  47  985
-30.7 -157.5 31 20120208 1200  46  985
-31.8 -154.7 31 20120208 1800  47  985
-32.7 -151.6 31 20120209    0  43  987
-33.5 -149.4 31 20120209  600  39  989
-34.4 -147.7 31 20120209 1200  37  990
-35.5 -145.7 31 20120209 1800  35  991
-36.9 -144.6 31 20120210    0  39  987
-40.0 -142.6 31 20120210 1200  41  981
-43.1 -141.0 31 20120211    0  41  980
-44.2 -140.1 31 20120211  600  40  979
-45.6 -139.3 31 20120211 1200  40  979
-46.2 -137.9 31 20120211 1800  39  981
-47.0 -136.5 31 20120212    0  35  983
-47.9 -134.8 31 20120212  600  32  985
-49.3 -133.6 31 20120212 1200  30  985
-50.1 -132.8 31 20120212 1800  27  986
-51.5 -131.8 31 20120213    0  30  986
-51.5 -130.0 31 20120213  600  28  988
-23.7 -168.0 32 20120207 1200  46  993
-26.5 -165.7 32 20120207 1800  42  992
-28.8 -163.2 32 20120208    0  42  992
-30.2 -160.1 32 20120208  600  42  992
-32.2 -156.2 32 20120208 1800  36  996
-24.0 -168.0 33 20120207 1200  46  990
-25.9 -165.1 33 20120207 1800  46  989
-27.9 -162.3 33 20120208    0  47  989
-29.6 -159.0 33 20120208  600  48  987
-30.7 -155.9 33 20120208 1200  48  989
-31.8 -152.5 33 20120208 1800  42  990
-32.1 -149.7 33 20120209    0  40  990
-32.4 -146.9 33 20120209  600  42  992
-32.7 -144.3 33 20120209 1200  38  993
-32.9 -142.7 33 20120209 1800  35  995
-33.5 -141.2 33 20120210    0  34  994
-23.7 -168.2 34 20120207 1200  53  993
-26.2 -166.3 34 20120207 1800  44  990
-27.9 -163.7 34 20120208    0  45  990
-29.6 -160.6 34 20120208  600  44  991
-31.0 -158.1 34 20120208 1200  42  991
-33.3 -154.2 34 20120209    0  39  991
-24.0 -168.0 35 20120207 1200  41  992
-26.2 -165.7 35 20120207 1800  43  990
-27.9 -162.9 35 20120208    0  46  989
-29.6 -159.7 35 20120208  600  45  989
-31.0 -157.0 35 20120208 1200  44  989
-32.1 -154.2 35 20120208 1800  43  988
-32.4 -151.6 35 20120209    0  41  990
-33.3 -149.1 35 20120209  600  38  994
-34.1 -148.0 35 20120209 1200  36  994
-23.7 -168.0 36 20120207 1200  49  992
-25.9 -165.7 36 20120207 1800  51  989
-27.9 -163.5 36 20120208    0  45  991
-29.0 -160.6 36 20120208  600  43  994
-32.4 -156.7 36 20120208 1800  35  995
-24.0 -167.7 37 20120207 1200  49  989
-25.9 -165.1 37 20120207 1800  44  989
-28.2 -162.3 37 20120208    0  46  988
-29.3 -159.5 37 20120208  600  45  989
-30.2 -157.0 37 20120208 1200  42  991
-31.0 -154.5 37 20120208 1800  38  993
-32.7 -147.7 37 20120209 1200  34  995
-33.8 -146.3 37 20120209 1800  36  995
-23.7 -168.2 38 20120207 1200  47  993
-25.9 -166.5 38 20120207 1800  45  990
-27.6 -164.0 38 20120208    0  46  991
-31.3 -158.1 38 20120208 1200  41  994
-32.7 -155.9 38 20120208 1800  36  992
-34.1 -154.5 38 20120209    0  40  991
-35.8 -153.3 38 20120209  600  40  989
-37.5 -152.5 38 20120209 1200  39  985
-24.0 -168.0 39 20120207 1200  44  990
-26.5 -166.0 39 20120207 1800  43  989
-28.2 -162.9 39 20120208    0  50  989
-30.2 -159.5 39 20120208  600  51  987
-31.8 -157.0 39 20120208 1200  48  987
-32.9 -154.1 39 20120208 1800  44  988
-34.1 -151.6 39 20120209    0  39  989
-35.2 -149.4 39 20120209  600  38  991
-36.3 -148.0 39 20120209 1200  34  990
-23.7 -168.0 40 20120207 1200  45  993
-25.9 -165.7 40 20120207 1800  43  991
-27.6 -163.5 40 20120208    0  42  991
-29.0 -160.9 40 20120208  600  40  993
-30.2 -159.0 40 20120208 1200  43  994
-23.7 -168.0 41 20120207 1200  41  992
-25.9 -166.0 41 20120207 1800  42  989
-27.6 -163.2 41 20120208    0  46  991
-29.6 -160.1 41 20120208  600  47  990
-30.4 -157.3 41 20120208 1200  46  992
-32.1 -150.0 41 20120209  600  33  998
-24.0 -168.0 42 20120207 1200  47  991
-26.2 -165.4 42 20120207 1800  45  991
-28.5 -162.6 42 20120208    0  44  990
-30.2 -159.5 42 20120208  600  42  990
-31.6 -156.7 42 20120208 1200  43  990
-32.7 -154.5 42 20120208 1800  39  990
-34.9 -151.4 42 20120209  600  32  991
-24.0 -167.7 43 20120207 1200  50  989
-25.9 -165.4 43 20120207 1800  43  990
-27.9 -162.3 43 20120208    0  47  992
-29.9 -159.8 43 20120208  600  45  992
-31.0 -157.3 43 20120208 1200  42  993
-32.1 -155.0 43 20120208 1800  40  991
-33.3 -153.0 43 20120209    0  37  991
-35.8 -149.7 43 20120209 1200  36  990
-37.5 -148.0 43 20120209 1800  36  987
-39.4 -146.9 43 20120210    0  37  982
-41.4 -146.3 43 20120210  600  41  978
-42.5 -146.0 43 20120210 1200  43  975
-43.4 -146.0 43 20120210 1800  40  974
-43.9 -145.7 43 20120211    0  39  974
-44.5 -144.9 43 20120211  600  38  977
-45.3 -143.8 43 20120211 1200  39  977
-46.5 -142.1 43 20120211 1800  40  978
-47.9 -141.2 43 20120212    0  37  978
-49.3 -140.4 43 20120212  600  32  978
-50.4 -140.1 43 20120212 1200  30  979
-51.5 -139.5 43 20120212 1800  29  980
-52.1 -138.1 43 20120213    0  26  983
-23.7 -168.8 44 20120207 1200  62  993
-25.9 -166.3 44 20120207 1800  49  989
-27.9 -163.7 44 20120208    0  49  986
-28.8 -160.4 44 20120208  600  51  987
-30.2 -157.3 44 20120208 1200  49  989
-31.6 -154.7 44 20120208 1800  40  990
-32.4 -152.2 44 20120209    0  38  992
-33.0 -150.2 44 20120209  600  35  995
-33.5 -148.5 44 20120209 1200  31  994
-23.7 -168.0 45 20120207 1200  45  992
-26.2 -165.7 45 20120207 1800  44  989
-27.9 -163.5 45 20120208    0  49  990
-30.2 -160.1 45 20120208  600  48  989
-31.8 -157.8 45 20120208 1200  46  990
-33.0 -155.6 45 20120208 1800  41  990
-24.0 -168.0 46 20120207 1200  44  992
-25.9 -165.7 46 20120207 1800  44  991
-28.2 -163.2 46 20120208    0  42  990
-29.3 -160.4 46 20120208  600  44  989
-30.2 -157.3 46 20120208 1200  43  992
-31.3 -152.5 46 20120209    0  40  993
-23.7 -168.0 47 20120207 1200  42  993
-25.7 -165.4 47 20120207 1800  44  991
-28.2 -162.3 47 20120208    0  45  990
-30.4 -159.5 47 20120208  600  44  989
-31.6 -157.3 47 20120208 1200  41  989
-32.7 -154.7 47 20120208 1800  41  990
-35.0 -150.6 47 20120209  600  34  990
-36.6 -149.4 47 20120209 1200  32  987
-39.9 -146.8 47 20120210    0  37  981
-41.7 -146.3 47 20120210  600  42  976
-42.5 -145.5 47 20120210 1200  47  973
-44.2 -143.8 47 20120210 1800  51  974
-45.3 -143.5 47 20120211    0  40  974
-46.2 -142.6 47 20120211  600  38  975
-46.7 -141.5 47 20120211 1200  33  976
-46.7 -141.2 47 20120211 1800  31  978
-46.5 -140.4 47 20120212    0  31  980
-46.2 -139.3 47 20120212  600  30  983
-45.9 -138.1 47 20120212 1200  30  986
-45.6 -134.2 47 20120213    0  29  994
-24.0 -168.0 48 20120207 1200  49  991
-26.5 -166.3 48 20120207 1800  46  989
-28.2 -164.3 48 20120208    0  41  988
-29.3 -162.0 48 20120208  600  45  989
-30.7 -159.5 48 20120208 1200  47  991
-31.8 -157.3 48 20120208 1800  38  993
-24.0 -168.0 49 20120207 1200  40  991
-25.7 -165.7 49 20120207 1800  46  989
-27.4 -162.9 49 20120208    0  51  987
-29.3 -159.5 49 20120208  600  50  985
-30.7 -157.0 49 20120208 1200  48  986
-32.1 -154.2 49 20120208 1800  42  987
-33.3 -151.9 49 20120209    0  42  987
-34.1 -149.8 49 20120209  600  41  988
-35.5 -148.3 49 20120209 1200  40  989
-36.9 -147.4 49 20120209 1800  40  988
-40.3 -146.0 49 20120210  600  42  981
-42.0 -145.7 49 20120210 1200  42  978
-43.4 -145.2 49 20120210 1800  42  977
-44.8 -144.9 49 20120211    0  39  976
-45.3 -144.3 49 20120211  600  34  975
-45.9 -143.2 49 20120211 1200  41  975
-46.7 -142.1 49 20120211 1800  32  978
-47.3 -141.2 49 20120212    0  29  980
-47.9 -140.1 49 20120212  600  34  981
-48.4 -139.3 49 20120212 1200  29  982
-49.0 -138.1 49 20120212 1800  29  984
-50.0 -136.3 49 20120213    0  30  986
-52.1 -132.2 49 20120213 1200  28  990
-24.0 -168.0 50 20120207 1200  48  993
-26.2 -165.7 50 20120207 1800  42  992
-28.5 -163.5 50 20120208    0  42  991
-30.2 -160.6 50 20120208  600  41  992
-31.6 -158.1 50 20120208 1200  44  992
-33.3 -154.7 50 20120209    0  34  992
-24.0 -168.0 51 20120207 1200  44  992
-26.2 -165.7 51 20120207 1800  44  990
-28.2 -162.9 51 20120208    0  46  990
-30.2 -159.8 51 20120208  600  46  988
-31.6 -157.3 51 20120208 1200  46  988
-32.7 -154.5 51 20120208 1800  42  988
-33.3 -152.5 51 20120209    0  38  990
-33.9 -150.7 51 20120209  600  35  992
-35.2 -148.8 51 20120209 1200  35  992
-36.2 -147.3 51 20120209 1800  34  990
-37.7 -146.3 51 20120210    0  35  986
-39.4 -145.5 51 20120210  600  41  982
-40.9 -144.9 51 20120210 1200  44  977
-42.0 -144.0 51 20120210 1800  44  976
-42.8 -143.8 51 20120211    0  44  976
-43.9 -142.9 51 20120211  600  42  977
-44.8 -141.8 51 20120211 1200  41  977
-45.9 -140.7 51 20120211 1800  37  979
-46.7 -139.8 51 20120212    0  34  981
-47.9 -138.7 51 20120212  600  33  982
-49.0 -137.6 51 20120212 1200  31  983
-49.8 -136.5 51 20120212 1800  29  986
-51.4 -135.0 51 20120213    0  28  987
-52.1 -133.4 51 20120213  600  26  989
-23.9 -168.0 52 20120207 1200  46  992
-26.3 -165.6 52 20120207 1800  45  989
-28.4 -162.9 52 20120208    0  46  988
-30.0 -159.8 52 20120208  600  47  987
-31.5 -156.8 52 20120208 1200  48  987
-32.5 -154.0 52 20120208 1800  45  988
-33.3 -151.5 52 20120209    0  41  990
-33.8 -149.6 52 20120209  600  42  993
-34.7 -148.1 52 20120209 1200  33  993
