-13.3  129.6  1 20110331 1800  26 1000
-13.7  128.2  1 20110401    0  30 1003
-13.9  126.5  1 20110401  600  26 1000
-13.9  125.1  1 20110401 1200  27 1003
-13.3  124.3  1 20110401 1800  30 1000
-13.0  124.0  1 20110402    0  32 1001
-13.6  124.0  1 20110402  600  33  996
-14.1  123.1  1 20110402 1200  33 1000
-14.1  121.7  1 20110402 1800  34  997
-14.1  120.6  1 20110403    0  35  999
-14.4  119.8  1 20110403  600  34  996
-14.7  118.9  1 20110403 1200  34  997
-15.5  118.1  1 20110403 1800  38  995
-15.8  117.8  1 20110404    0  47  991
-17.0  117.0  1 20110404  600  52  987
-17.8  116.1  1 20110404 1200  55  982
-18.6  115.3  1 20110404 1800  59  979
-19.5  114.4  1 20110405    0  58  978
-20.3  113.9  1 20110405  600  58  973
-21.2  113.6  1 20110405 1200  62  970
-21.7  113.3  1 20110405 1800  62  965
-22.0  113.6  1 20110406    0  53  975
-22.6  113.6  1 20110406  600  51  980
-23.1  114.4  1 20110406 1200  43  987
-24.0  115.0  1 20110406 1800  34  991
-25.1  116.4  1 20110407    0  36  997
-27.1  118.4  1 20110407  600  42  991
-28.2  120.3  1 20110407 1200  34  999
-29.3  122.0  1 20110407 1800  28 1004
-10.5  131.6  2 20110331    0  30 1003
-11.3  131.9  2 20110331  600  29 1001
-11.9  129.9  2 20110331 1800  29 1001
-11.6  129.0  2 20110401    0  31 1003
-11.3  128.8  2 20110401  600  30 1000
-11.6  128.5  2 20110401 1200  26 1002
-12.2  127.4  2 20110401 1800  29  999
-12.2  126.5  2 20110402    0  35 1000
-12.9  126.3  2 20110402  600  34  997
-13.3  125.7  2 20110402 1200  32 1002
-13.6  124.3  2 20110402 1800  32  999
-13.9  124.0  2 20110403    0  33 1000
-14.4  123.1  2 20110403  600  32  999
-14.4  122.3  2 20110403 1200  35  999
-14.7  121.7  2 20110403 1800  39  997
-15.5  120.9  2 20110404    0  42  999
-15.8  119.5  2 20110404  600  38  997
-15.8  118.9  2 20110404 1200  39  997
-16.1  118.4  2 20110404 1800  44  995
-16.4  117.5  2 20110405    0  42  995
-16.7  117.0  2 20110405  600  43  996
-16.7  116.8  2 20110405 1200  40  997
-16.9  116.7  2 20110405 1800  46  996
-17.2  116.4  2 20110406    0  44  997
-17.2  116.4  2 20110406  600  43  995
-17.2  117.2  2 20110406 1200  46  997
-18.1  117.5  2 20110406 1800  41  995
-18.4  117.5  2 20110407    0  39  996
-18.9  117.8  2 20110407  600  31  996
-19.5  118.1  2 20110407 1200  32  997
-19.5  118.1  2 20110407 1800  31  998
-19.8  118.4  2 20110408    0  27 1002
-20.0  118.1  2 20110408  600  26 1002
-20.6  118.4  2 20110408 1200  28 1005
-21.4  118.4  2 20110408 1800  26 1007
-11.6  131.9  3 20110331    0  31 1001
-12.5  131.6  3 20110331  600  30  999
-13.0  129.9  3 20110331 1200  31 1002
-12.7  127.9  3 20110331 1800  34 1000
-11.6  127.4  3 20110401    0  29 1001
-11.9  128.2  3 20110401  600  33  996
-12.2  127.4  3 20110401 1200  36  996
-12.2  126.5  3 20110401 1800  36  994
-12.2  126.2  3 20110402    0  37  996
-12.5  126.0  3 20110402  600  37  994
-13.0  125.1  3 20110402 1200  47  995
-13.3  124.5  3 20110402 1800  50  987
-13.3  123.7  3 20110403    0  48  991
-13.9  123.7  3 20110403  600  41  993
-14.4  123.1  3 20110403 1200  41  994
-15.0  122.9  3 20110403 1800  46  992
-15.0  122.6  3 20110404    0  46  993
-15.8  122.6  3 20110404  600  40  992
-16.7  121.7  3 20110404 1200  39  996
-17.5  120.9  3 20110404 1800  47  995
-17.8  120.0  3 20110405    0  48  997
-18.4  119.5  3 20110405  600  48  997
-18.6  118.6  3 20110405 1200  45  999
-18.4  117.5  3 20110405 1800  42 1000
-18.4  116.4  3 20110406    0  38 1001
-18.1  115.5  3 20110406  600  36 1001
-18.1  114.7  3 20110406 1200  35 1003
-17.8  113.6  3 20110406 1800  28 1003
-17.2  112.7  3 20110407    0  31 1003
-16.4  111.6  3 20110407  600  29 1001
-15.8  111.3  3 20110407 1200  29  999
-16.1  110.8  3 20110407 1800  29 1001
-16.1  109.9  3 20110408    0  27 1003
-16.1  109.1  3 20110408  600  29 1000
-16.1  109.1  3 20110408 1200  28 1000
-16.4  108.5  3 20110408 1800  32  999
-16.1  108.5  3 20110409    0  31  999
-16.4  108.5  3 20110409  600  29  999
-16.4  108.5  3 20110409 1200  30 1000
-16.1  108.5  3 20110409 1800  30 1000
-17.6  109.1  3 20110410  600  26 1001
-18.2  109.1  3 20110410 1200  27 1001
-18.1  109.5  3 20110410 1800  24 1002
-18.6  109.5  3 20110411    0  22 1001
-19.3  109.1  3 20110411  600  24 1000
-19.3  109.1  3 20110411 1200  26 1000
-19.9  109.1  3 20110411 1800  24 1001
-20.4  109.1  3 20110412    0  26 1000
-10.5  130.2  4 20110331    0  30 1003
-10.5  129.9  4 20110331 1200  23 1003
-12.2  130.5  4 20110331 1800  23 1002
-14.1  128.8  4 20110401    0  28 1004
-13.6  127.6  4 20110401  600  31 1001
-13.3  127.1  4 20110401 1200  25 1003
-13.3  127.4  4 20110401 1800  28 1000
-13.3  125.9  4 20110402    0  33 1002
-14.1  125.4  4 20110402  600  28  999
-14.7  123.7  4 20110402 1200  31 1002
-14.4  122.3  4 20110402 1800  34  998
-14.5  121.5  4 20110403    0  34 1000
-15.3  120.6  4 20110403  600  35  998
-15.5  119.6  4 20110403 1200  41  998
-15.3  118.1  4 20110403 1800  44  994
-15.5  117.5  4 20110404    0  41  994
-15.5  116.7  4 20110404  600  42  990
-15.5  116.4  4 20110404 1200  40  990
-15.8  115.8  4 20110404 1800  45  987
-16.4  115.3  4 20110405    0  46  986
-17.0  115.0  4 20110405  600  52  982
-17.5  114.4  4 20110405 1200  53  982
-18.1  114.1  4 20110405 1800  56  980
-18.6  114.1  4 20110406    0  50  980
-19.2  114.4  4 20110406  600  51  977
-19.8  114.7  4 20110406 1200  54  977
-20.6  115.5  4 20110406 1800  60  973
-21.7  116.1  4 20110407    0  47  981
-23.4  117.2  4 20110407  600  43  985
-24.8  118.1  4 20110407 1200  38  991
-26.2  118.6  4 20110407 1800  36  994
-27.1  118.4  4 20110408    0  31  997
-27.9  118.9  4 20110408  600  29  999
-11.9  131.9  5 20110331  600  28  998
-12.7  130.7  5 20110331 1200  36 1001
-13.0  129.6  5 20110331 1800  36  998
-12.5  128.5  5 20110401    0  36 1001
-12.2  127.9  5 20110401  600  36  997
-12.5  127.9  5 20110401 1200  38  999
-12.5  127.4  5 20110401 1800  45  994
-12.5  126.8  5 20110402    0  42  996
-12.2  126.2  5 20110402  600  41  993
-12.5  126.2  5 20110402 1200  37  997
-12.7  126.0  5 20110402 1800  35  994
-13.3  125.7  5 20110403    0  42  995
-14.1  125.1  5 20110403  600  44  990
-14.4  124.3  5 20110403 1200  48  989
-14.7  123.4  5 20110403 1800  50  985
-14.7  122.6  5 20110404    0  51  987
-14.4  122.3  5 20110404  600  48  985
-14.7  122.0  5 20110404 1200  49  987
-14.7  121.5  5 20110404 1800  53  986
-15.0  121.2  5 20110405    0  54  987
-15.3  120.9  5 20110405  600  54  984
-15.5  120.3  5 20110405 1200  56  981
-15.8  119.8  5 20110405 1800  59  979
-16.4  119.5  5 20110406    0  59  982
-17.2  118.9  5 20110406  600  56  987
-17.5  118.9  5 20110406 1200  50  988
-17.8  118.9  5 20110406 1800  52  986
-18.1  119.2  5 20110407    0  48  990
-18.4  119.8  5 20110407  600  47  989
-18.4  120.3  5 20110407 1200  44  990
-18.4  120.6  5 20110407 1800  40  992
-18.9  120.9  5 20110408    0  36  994
-19.8  120.6  5 20110408  600  37  993
-19.8  120.6  5 20110408 1200  34  995
-20.0  120.6  5 20110408 1800  34  994
-20.6  120.9  5 20110409    0  28  997
-21.4  120.9  5 20110409  600  28  999
-22.3  121.5  5 20110409 1200  30 1001
-22.9  122.0  5 20110409 1800  36  999
-22.6  122.6  5 20110410    0  35 1004
-22.7  123.7  5 20110410  600  28 1006
-10.2  130.2  6 20110331    0  30 1003
-11.1  129.3  6 20110331  600  28  999
-11.1  130.2  6 20110331 1800  29  998
-11.9  129.9  6 20110401    0  34  999
-12.7  129.3  6 20110401  600  31  997
-12.5  128.8  6 20110401 1200  34  999
-12.7  128.8  6 20110401 1800  38  995
-13.3  128.2  6 20110402    0  38  996
-14.4  127.4  6 20110402  600  36  994
-15.0  126.2  6 20110402 1200  32 1000
-15.5  124.3  6 20110402 1800  30  999
-15.8  122.9  6 20110403    0  36 1001
-15.8  121.7  6 20110403  600  31 1000
-15.5  120.9  6 20110403 1200  33 1002
-15.5  120.3  6 20110403 1800  32 1001
-15.3  119.8  6 20110404    0  38 1005
-15.3  119.2  6 20110404 1200  40 1003
-15.7  118.4  6 20110404 1800  35 1001
-15.8  117.8  6 20110405    0  32 1001
-16.4  117.2  6 20110405  600  26 1001
-16.4  116.7  6 20110405 1200  31 1002
-16.4  116.1  6 20110405 1800  30 1001
-17.0  115.0  6 20110406    0  30 1002
-16.7  115.0  6 20110406  600  30 1000
-16.7  115.0  6 20110406 1200  29 1002
-17.0  115.0  6 20110406 1800  30 1001
-17.0  114.7  6 20110407    0  32 1001
-17.5  114.4  6 20110407  600  31  999
-17.2  114.1  6 20110407 1200  30  999
-17.5  114.1  6 20110407 1800  35  999
-17.8  114.1  6 20110408    0  34 1000
-17.9  114.2  6 20110408  600  36  999
-18.2  114.1  6 20110408 1200  40 1000
-18.1  114.0  6 20110408 1800  36 1000
-18.1  114.1  6 20110409    0  32 1000
-18.4  114.2  6 20110409  600  30 1000
-18.9  114.4  6 20110409 1200  30 1001
-18.9  114.1  6 20110409 1800  31 1001
-19.2  114.4  6 20110410    0  28 1002
-19.3  114.1  6 20110410  600  24 1002
-19.3  114.1  6 20110410 1200  20 1003
-19.3  114.1  6 20110410 1800  21 1003
-19.3  114.3  6 20110411    0  23 1003
-19.9  114.1  6 20110411  600  21 1004
-19.3  114.7  6 20110411 1200  18 1005
-19.9  114.7  6 20110411 1800  18 1005
-19.9  114.7  6 20110412    0  17 1006
-20.4  114.1  6 20110412 1200  21 1007
-19.3  114.1  6 20110413    0  21 1008
-11.1  131.0  7 20110331    0  31 1002
-11.6  131.3  7 20110331  600  29  999
-11.6  131.0  7 20110331 1200  32 1000
-12.5  130.5  7 20110331 1800  39  998
-11.6  128.2  7 20110401    0  31 1001
-11.6  128.8  7 20110401  600  27  998
-12.5  128.8  7 20110401 1200  32 1000
-12.7  127.4  7 20110401 1800  38  998
-12.7  126.5  7 20110402    0  36  999
-13.0  125.4  7 20110402  600  36  995
-13.3  124.8  7 20110402 1200  42  996
-13.6  124.0  7 20110402 1800  42  992
-13.9  122.9  7 20110403    0  46  992
-14.1  122.3  7 20110403  600  48  987
-14.1  121.7  7 20110403 1200  52  986
-14.4  121.7  7 20110403 1800  51  984
-15.0  121.5  7 20110404    0  53  988
-15.5  120.6  7 20110404  600  48  985
-15.5  120.3  7 20110404 1200  49  985
-15.5  120.0  7 20110404 1800  52  984
-16.1  119.5  7 20110405    0  54  986
-16.7  119.2  7 20110405  600  53  985
-17.2  119.5  7 20110405 1200  49  987
-17.8  119.2  7 20110405 1800  55  985
-18.6  119.2  7 20110406    0  56  983
-19.5  119.2  7 20110406  600  51  985
-20.0  119.2  7 20110406 1200  43  990
-21.2  119.5  7 20110406 1800  34  993
-22.6  119.2  7 20110407    0  30  998
-24.0  118.9  7 20110407  600  29  999
-10.2  130.2  8 20110331    0  33 1005
-11.6  131.3  8 20110331  600  27 1000
-12.2  130.7  8 20110331 1800  29 1000
-12.5  128.2  8 20110401    0  34 1001
-11.9  127.3  8 20110401  600  29  998
-12.2  127.6  8 20110401 1200  31  999
-12.7  126.5  8 20110401 1800  33  996
-13.0  125.4  8 20110402    0  40  996
-13.3  124.3  8 20110402  600  37  993
-13.9  123.1  8 20110402 1200  41  996
-14.1  121.7  8 20110402 1800  44  993
-14.4  120.9  8 20110403    0  46  993
-15.0  120.0  8 20110403  600  43  991
-15.5  119.2  8 20110403 1200  44  994
-16.1  118.4  8 20110403 1800  45  991
-16.4  117.5  8 20110404    0  45  994
-16.7  116.7  8 20110404  600  42  993
-17.0  116.1  8 20110404 1200  42  995
-17.0  115.5  8 20110404 1800  46  994
-17.2  115.0  8 20110405    0  50  993
-17.5  114.7  8 20110405  600  51  990
-17.5  114.4  8 20110405 1200  58  986
-17.8  114.1  8 20110405 1800  49  992
-17.5  113.6  8 20110406    0  44  998
-17.0  112.7  8 20110406  600  37  999
-16.4  112.7  8 20110406 1200  37 1000
-15.8  113.0  8 20110406 1800  35 1000
-15.3  113.3  8 20110407    0  30 1001
-14.7  113.6  8 20110407  600  29 1000
-14.4  114.1  8 20110407 1200  29 1001
-14.7  114.7  8 20110407 1800  28 1000
-14.7  114.7  8 20110408    0  35  999
-14.4  115.0  8 20110408  600  27  998
-15.0  115.5  8 20110408 1200  25 1000
-15.5  115.8  8 20110408 1800  25 1001
-16.1  116.4  8 20110409    0  26 1002
-17.5  117.0  8 20110409  600  27  999
-18.3  117.1  8 20110409 1200  32 1001
-18.1  117.2  8 20110409 1800  32 1001
-18.1  117.8  8 20110410    0  27 1002
-18.2  119.2  8 20110410  600  23 1003
-18.2  119.8  8 20110410 1200  23 1004
-18.2  120.3  8 20110410 1800  25 1004
-18.2  120.3  8 20110411    0  25 1005
-19.3  120.9  8 20110411  600  23 1005
-19.9  122.6  8 20110411 1800  19 1008
-11.3  130.7  9 20110331    0  29 1003
-11.3  131.0  9 20110331  600  31  999
-12.5  131.0  9 20110331 1200  33 1001
-13.3  129.6  9 20110331 1800  30 1000
-13.2  128.4  9 20110401    0  33 1002
-12.7  127.9  9 20110401  600  30  999
-12.5  130.2  9 20110401 1200  36 1003
-13.6  130.2  9 20110402    0  46 1005
-12.7  127.1  9 20110402  600  35  993
-13.6  126.5  9 20110402 1200  34  998
-13.9  125.7  9 20110402 1800  30  997
-13.9  124.5  9 20110403    0  32 1000
-14.1  124.0  9 20110403  600  31  997
-14.4  123.1  9 20110403 1200  40  998
-14.7  122.3  9 20110403 1800  42  997
-14.7  121.5  9 20110404    0  43  997
-14.7  120.6  9 20110404  600  41  994
-14.7  120.3  9 20110404 1200  38  994
-14.7  119.8  9 20110404 1800  41  993
-15.0  118.9  9 20110405    0  47  994
-14.7  118.1  9 20110405  600  38  992
-14.7  117.8  9 20110405 1200  40  992
-14.7  117.2  9 20110405 1800  41  990
-14.4  116.7  9 20110406    0  45  987
-14.4  116.7  9 20110406  600  46  983
-14.7  116.7  9 20110406 1200  48  982
-15.0  116.7  9 20110406 1800  52  978
-15.5  117.0  9 20110407    0  57  977
-16.4  117.0  9 20110407  600  58  973
-17.0  117.2  9 20110407 1200  59  971
-17.5  117.5  9 20110407 1800  61  970
-18.1  117.8  9 20110408    0  60  971
-18.6  118.1  9 20110408  600  61  971
-19.5  118.6  9 20110408 1200  63  975
-20.0  118.6  9 20110408 1800  62  975
-20.6  118.4  9 20110409    0  44  990
-20.9  117.8  9 20110409  600  42  993
-20.9  117.2  9 20110409 1200  37  997
-20.6  115.8  9 20110409 1800  33  999
-20.6  114.4  9 20110410    0  34 1001
-11.5  131.6 10 20110331  600  28 1000
-11.9  131.3 10 20110331 1200  26 1002
-12.5  130.2 10 20110331 1800  24 1001
-13.6  128.8 10 20110401    0  29 1004
-13.3  127.4 10 20110401  600  27 1000
-13.0  126.8 10 20110401 1200  25 1002
-13.0  126.8 10 20110401 1800  27 1000
-13.6  127.1 10 20110402    0  34 1003
-11.3  131.9 11 20110331    0  34 1002
-11.9  131.9 11 20110331  600  29  999
-12.5  131.6 11 20110331 1200  32 1003
-13.3  129.6 11 20110331 1800  28 1001
-13.3  129.3 11 20110401    0  32 1003
-13.6  129.3 11 20110401  600  27 1000
-13.8  128.6 11 20110401 1200  26 1002
-13.9  127.6 11 20110401 1800  30 1000
-13.3  125.4 11 20110402    0  33 1001
-14.1  124.3 11 20110402  600  32  999
-14.1  123.7 11 20110402 1200  32 1002
-14.1  122.9 11 20110402 1800  33  999
-14.1  122.3 11 20110403    0  35 1000
-14.7  121.7 11 20110403  600  37  998
-15.5  120.9 11 20110403 1200  41  997
-15.8  120.0 11 20110403 1800  44  995
-16.1  119.2 11 20110404    0  45  997
-16.4  118.4 11 20110404  600  43  995
-16.4  118.1 11 20110404 1200  45  995
-16.7  117.8 11 20110404 1800  47  995
-17.1  118.0 11 20110405    0  53  995
-17.5  118.1 11 20110405  600  53  994
-17.8  117.5 11 20110405 1200  50  994
-18.1  117.0 11 20110405 1800  48  994
-18.4  116.1 11 20110406    0  44  994
-18.9  116.1 11 20110406  600  37  993
-19.5  116.1 11 20110406 1200  39  993
-20.0  116.1 11 20110406 1800  44  991
-20.0  116.4 11 20110407    0  44  994
-20.3  117.0 11 20110407  600  34  994
-20.6  117.5 11 20110407 1200  32  997
-20.3  118.1 11 20110407 1800  29  997
-20.9  118.6 11 20110408    0  28  999
-21.4  119.8 11 20110408  600  26 1000
-21.7  119.8 11 20110408 1200  31 1004
-20.0  118.4 11 20110408 1800  25 1005
-10.8  129.6 12 20110331  600  32  999
-10.5  129.9 12 20110331 1200  29 1002
-10.5  130.5 12 20110331 1800  29  999
-11.1  130.2 12 20110401    0  31 1003
-11.3  129.0 12 20110401  600  31  998
-12.5  128.5 12 20110401 1200  32 1000
-12.5  128.8 12 20110401 1800  33  995
-13.6  127.4 12 20110402    0  37  996
-13.9  126.0 12 20110402  600  33  995
-14.4  125.1 12 20110402 1200  31  998
-14.4  124.3 12 20110402 1800  32  996
-15.0  123.4 12 20110403    0  38  996
-15.3  122.0 12 20110403  600  42  992
-15.3  121.5 12 20110403 1200  43  991
-15.5  120.9 12 20110403 1800  42  993
-16.1  120.3 12 20110404    0  47  996
-16.4  119.8 12 20110404  600  44  994
-16.7  119.2 12 20110404 1200  46  996
-16.7  118.6 12 20110404 1800  44  995
-17.2  118.4 12 20110405    0  47  995
-17.2  118.4 12 20110405  600  53  992
-17.2  118.4 12 20110405 1200  52  990
-17.2  118.1 12 20110405 1800  57  987
-17.0  118.1 12 20110406    0  54  990
-17.0  117.2 12 20110406  600  40  994
-16.4  117.0 12 20110406 1200  43  997
-15.8  116.7 12 20110406 1800  38  998
-15.5  116.1 12 20110407    0  39 1001
-15.0  115.3 12 20110407  600  35 1000
-14.7  114.7 12 20110407 1200  30 1002
-14.7  114.7 12 20110407 1800  26 1002
-14.7  114.1 12 20110408    0  27 1003
-14.7  113.6 12 20110408  600  29 1002
-14.4  113.6 12 20110408 1200  29 1001
-14.4  113.9 12 20110408 1800  30 1000
-14.7  113.6 12 20110409    0  30 1001
-15.3  113.0 12 20110409  600  33 1002
-15.8  112.7 12 20110409 1200  36 1002
-15.8  111.6 12 20110409 1800  36 1002
-16.4  111.3 12 20110410    0  39 1003
-17.1  109.1 12 20110410  600  34 1003
-17.1  106.8 12 20110410 1800  36 1005
-17.1  105.7 12 20110411    0  32 1004
-17.1  104.6 12 20110411  600  28 1005
-16.5  104.0 12 20110411 1200  28 1004
-16.5  102.9 12 20110411 1800  29 1007
-11.3  130.7 13 20110331    0  33 1003
-11.6  131.3 13 20110331  600  31 1000
-12.5  130.5 13 20110331 1200  31 1004
-13.3  128.5 13 20110331 1800  34  999
-13.3  128.2 13 20110401    0  32 1002
-13.3  127.4 13 20110401  600  31  998
-13.0  126.8 13 20110401 1200  37  998
-13.0  126.5 13 20110401 1800  36  997
-13.0  126.0 13 20110402    0  34 1000
-13.3  124.5 13 20110402  600  34  998
-13.3  123.7 13 20110402 1200  31 1000
-13.3  122.6 13 20110402 1800  36  997
-13.0  122.3 13 20110403    0  33  999
-13.3  121.7 13 20110403  600  30  997
-13.9  121.7 13 20110403 1200  35  998
-14.4  120.9 13 20110403 1800  35  997
-14.7  120.0 13 20110404    0  40  998
-15.3  118.9 13 20110404  600  39  995
-15.3  118.4 13 20110404 1200  40  995
-15.5  117.5 13 20110404 1800  45  992
-15.5  116.4 13 20110405    0  51  992
-15.0  116.1 13 20110405  600  46  992
-14.7  116.4 13 20110405 1200  38  993
-15.5  116.4 13 20110405 1800  47  990
-16.1  116.1 13 20110406    0  47  989
-16.1  116.1 13 20110406  600  49  986
-16.7  116.1 13 20110406 1200  52  986
-17.2  116.1 13 20110406 1800  51  984
-17.5  116.4 13 20110407    0  56  980
-18.4  117.0 13 20110407  600  54  979
-19.2  118.1 13 20110407 1200  60  981
-19.8  118.6 13 20110407 1800  52  984
-20.3  119.2 13 20110408    0  44  990
-21.4  119.5 13 20110408  600  33  993
-21.7  119.2 13 20110408 1200  30  999
-21.7  118.6 13 20110408 1800  28 1002
-23.1  117.8 13 20110409    0  29 1005
-22.7  116.9 13 20110409  600  33 1005
-10.8  131.6 14 20110331    0  32 1003
-11.3  131.6 14 20110331  600  28 1000
-11.6  132.1 14 20110331 1200  25 1002
-12.2  131.0 14 20110331 1800  26 1001
-12.7  129.6 14 20110401    0  28 1004
-11.6  128.8 14 20110401  600  28 1001
-13.6  126.8 14 20110401 1200  25 1003
-13.5  128.2 14 20110401 1800  27 1001
-11.3  131.9 15 20110331    0  36 1002
-11.6  131.3 15 20110331  600  28  998
-11.9  130.7 15 20110331 1200  30 1000
-11.6  129.3 15 20110331 1800  31  997
-11.6  129.0 15 20110401    0  34 1000
-12.2  128.2 15 20110401  600  30  998
-12.5  127.4 15 20110401 1200  32 1001
-12.7  126.8 15 20110401 1800  36  997
-12.7  125.7 15 20110402    0  33  998
-13.3  125.1 15 20110402  600  29  996
-13.6  124.3 15 20110402 1200  32  998
-13.9  123.4 15 20110402 1800  36  995
-14.4  122.6 15 20110403    0  38  995
-15.3  121.7 15 20110403  600  40  993
-15.8  120.9 15 20110403 1200  47  992
-16.1  119.8 15 20110403 1800  49  986
-16.1  119.2 15 20110404    0  51  990
-16.7  118.6 15 20110404  600  51  986
-17.0  118.1 15 20110404 1200  50  987
-17.5  117.5 15 20110404 1800  53  982
-18.4  117.0 15 20110405    0  58  980
-18.9  116.4 15 20110405  600  61  981
-19.5  116.1 15 20110405 1200  54  980
-19.8  116.1 15 20110405 1800  52  983
-20.3  116.4 15 20110406    0  53  986
-21.4  115.8 15 20110406  600  38  989
-22.3  115.8 15 20110406 1200  32  994
-23.1  116.4 15 20110406 1800  31  997
-24.3  117.5 15 20110407    0  36  996
-25.4  118.9 15 20110407  600  34  999
-26.2  120.0 15 20110407 1200  27 1003
-26.5  121.2 15 20110407 1800  26 1005
-10.2  129.6 16 20110331    0  28 1003
-11.6  130.5 16 20110331  600  32 1000
-13.0  129.3 16 20110331 1200  34 1000
-13.3  129.6 16 20110331 1800  36  997
-14.4  128.8 16 20110401    0  32  999
-15.0  127.6 16 20110401  600  32  997
-15.5  126.5 16 20110401 1200  27 1002
-15.5  124.8 16 20110401 1800  27 1001
-15.5  123.7 16 20110402    0  31 1002
-15.5  122.9 16 20110402  600  31 1000
-15.5  122.0 16 20110402 1200  33 1004
-15.3  121.2 16 20110402 1800  35 1001
-15.3  120.0 16 20110403    0  35 1003
-15.3  119.2 16 20110403  600  38 1001
-15.0  118.6 16 20110403 1200  38 1002
-14.8  118.2 16 20110403 1800  39 1001
-15.0  117.8 16 20110404    0  45 1003
-15.0  117.5 16 20110404  600  39 1000
-15.3  117.0 16 20110404 1200  41 1001
-15.0  116.4 16 20110404 1800  36 1001
-15.3  115.8 16 20110405    0  34 1002
-15.5  115.5 16 20110405  600  33 1002
-16.1  115.0 16 20110405 1200  35 1002
-16.4  114.4 16 20110405 1800  36 1002
-16.9  113.5 16 20110406    0  38 1002
-17.5  111.6 16 20110406 1200  33 1003
-18.1  111.6 16 20110406 1800  33 1001
-18.9  111.0 16 20110407    0  34 1001
-19.2  110.5 16 20110407  600  37  999
-19.8  110.1 16 20110407 1200  33 1000
-22.0  109.6 16 20110407 1800  37 1000
-22.8  109.5 16 20110408    0  39  999
-23.1  109.6 16 20110408  600  40  997
-23.4  109.4 16 20110408 1200  30  998
-23.7  109.6 16 20110408 1800  30  999
-24.3  109.9 16 20110409    0  30 1001
-25.1  110.5 16 20110409  600  34 1002
-25.4  110.5 16 20110409 1200  24 1005
-11.3  130.7 17 20110331    0  28 1002
-12.5  130.7 17 20110331  600  32 1000
-11.3  130.2 17 20110331 1200  31 1002
-12.2  129.3 17 20110331 1800  32  999
-12.5  128.5 17 20110401    0  29 1002
-12.2  127.4 17 20110401  600  26  999
-11.6  127.4 17 20110401 1200  32 1001
-11.9  127.6 17 20110401 1800  32  999
-12.2  126.5 17 20110402    0  37 1000
-12.5  126.8 17 20110402  600  37  996
-13.3  126.8 17 20110402 1200  31 1000
-13.6  126.0 17 20110402 1800  36  997
-14.1  124.5 17 20110403    0  34  999
-14.1  123.1 17 20110403  600  31  999
-13.6  122.6 17 20110403 1200  29 1002
-13.3  122.3 17 20110403 1800  32 1001
-13.3  122.0 17 20110404    0  33 1002
-13.3  121.7 17 20110404  600  29  999
-13.3  122.0 17 20110404 1200  29 1002
-13.9  122.0 17 20110404 1800  30 1001
-14.8  121.6 17 20110405    0  34 1002
-15.0  120.6 17 20110405  600  33 1000
-15.3  120.6 17 20110405 1200  37 1001
-15.5  119.8 17 20110405 1800  38 1000
-15.8  118.9 17 20110406    0  36 1002
-16.1  117.2 17 20110406 1200  36 1002
-15.3  117.0 17 20110406 1800  32 1002
-15.3  116.4 17 20110407    0  31 1003
-15.0  116.4 17 20110407  600  26 1002
-16.4  118.4 17 20110407 1200  28 1003
-15.9  117.0 17 20110407 1800  28 1003
-15.3  116.7 17 20110408    0  26 1003
-15.5  116.7 17 20110408  600  27 1002
-16.1  116.1 17 20110408 1200  24 1003
-15.5  115.8 17 20110408 1800  22 1003
-15.5  116.2 17 20110409    0  28 1004
-15.8  116.1 17 20110409  600  28 1004
-17.0  116.4 17 20110409 1200  28 1005
-16.4  115.8 17 20110409 1800  25 1004
-15.4  115.3 17 20110410  600  23 1004
-15.2  115.0 17 20110410 1200  25 1003
-14.8  115.3 17 20110410 1800  25 1004
-16.0  115.8 17 20110411    0  25 1004
-16.5  116.4 17 20110411  600  22 1003
-17.6  118.1 17 20110411 1800  21 1004
-18.2  117.5 17 20110412    0  19 1004
-18.1  118.2 17 20110412  600  17 1005
-10.8  131.9 18 20110331    0  29 1004
-11.6  132.1 18 20110331  600  26 1000
-12.2  131.6 18 20110331 1200  26 1002
-12.7  130.2 18 20110331 1800  27 1000
-12.7  128.8 18 20110401    0  30 1002
-12.7  128.5 18 20110401  600  26  999
-13.3  128.2 18 20110401 1200  28 1000
-13.6  126.8 18 20110401 1800  31  999
-13.6  125.1 18 20110402    0  36  998
-13.9  124.3 18 20110402  600  39  994
-14.1  122.9 18 20110402 1200  43  992
-13.9  122.0 18 20110402 1800  45  989
-14.4  121.2 18 20110403    0  48  991
-15.0  120.3 18 20110403  600  53  988
-15.0  119.3 18 20110403 1200  52  989
-15.3  118.4 18 20110403 1800  50  986
-15.8  117.5 18 20110404    0  51  986
-16.4  116.7 18 20110404  600  55  981
-17.0  115.8 18 20110404 1200  57  981
-17.0  114.7 18 20110404 1800  57  975
-17.5  114.1 18 20110405    0  60  975
-17.8  113.6 18 20110405  600  56  973
-18.1  113.3 18 20110405 1200  57  972
-18.9  113.3 18 20110405 1800  61  968
-19.8  113.3 18 20110406    0  63  968
-20.9  113.6 18 20110406  600  63  966
-21.4  113.9 18 20110406 1200  58  967
-21.7  114.1 18 20110406 1800  57  974
-22.0  114.1 18 20110407    0  51  979
-22.6  114.4 18 20110407  600  59  978
-22.3  115.3 18 20110407 1200  55  982
-22.9  115.5 18 20110407 1800  41  988
-23.1  115.5 18 20110408    0  38  995
-23.4  115.3 18 20110408  600  32  997
-23.4  115.0 18 20110408 1200  27 1001
-24.8  114.4 18 20110408 1800  32 1003
-24.5  113.3 18 20110409    0  29 1004
-10.8  131.2 19 20110331    0  33 1002
-11.6  131.5 19 20110331  600  28  999
-12.2  131.0 19 20110331 1200  27 1002
-12.7  129.2 19 20110331 1800  30 1001
-12.7  127.6 19 20110401    0  35 1002
-12.5  127.1 19 20110401  600  34  998
-12.7  127.4 19 20110401 1200  38  998
-13.6  127.1 19 20110401 1800  41  997
-12.5  124.0 19 20110402    0  37  997
-13.0  123.7 19 20110402  600  38  995
-13.6  123.1 19 20110402 1200  38  998
-13.9  122.3 19 20110402 1800  38  995
-14.1  121.2 19 20110403    0  45  995
-14.5  120.4 19 20110403  600  46  993
-15.0  120.0 19 20110403 1200  48  993
-15.5  118.6 19 20110403 1800  49  988
-15.5  117.5 19 20110404    0  47  988
-16.1  117.2 19 20110404  600  48  985
-16.7  116.7 19 20110404 1200  49  985
-17.0  116.1 19 20110404 1800  50  983
-17.2  115.5 19 20110405    0  57  982
-17.8  115.0 19 20110405  600  55  982
-18.6  115.0 19 20110405 1200  57  978
-18.9  114.7 19 20110405 1800  64  965
-19.5  114.7 19 20110406    0  65  966
-20.3  114.7 19 20110406  600  58  966
-20.9  115.0 19 20110406 1200  57  964
-21.4  115.3 19 20110406 1800  55  968
-22.3  115.0 19 20110407    0  44  981
-23.7  115.3 19 20110407  600  39  986
-25.4  116.1 19 20110407 1200  39  990
-26.5  117.2 19 20110407 1800  36  996
-28.8  120.3 19 20110408    0  41 1001
-31.6  124.0 19 20110408  600  35  998
-11.1  129.6 20 20110331    0  29 1004
-12.2  129.9 20 20110331 1800  30  998
-12.7  128.2 20 20110401    0  30 1000
-12.7  128.5 20 20110401  600  32  997
-13.6  128.2 20 20110401 1200  33  999
-14.1  127.4 20 20110401 1800  34  998
-14.4  125.7 20 20110402    0  36 1000
-15.5  124.5 20 20110402  600  31  998
-15.8  123.1 20 20110402 1200  36 1001
-15.5  122.3 20 20110402 1800  34  998
-15.8  120.9 20 20110403    0  37 1000
-15.8  119.5 20 20110403  600  32 1000
-15.8  118.6 20 20110403 1200  33 1001
-15.8  118.1 20 20110403 1800  37  999
-16.2  117.8 20 20110404    0  34 1001
-17.5  117.0 20 20110404  600  31 1000
-18.1  116.4 20 20110404 1200  38  999
-18.1  115.8 20 20110404 1800  45  993
-18.4  115.3 20 20110405    0  40  994
-18.9  114.7 20 20110405  600  44  994
-19.2  114.1 20 20110405 1200  42  995
-19.8  113.6 20 20110405 1800  38  997
-20.3  113.0 20 20110406    0  38  998
-21.2  112.5 20 20110406  600  36  999
-21.4  112.2 20 20110406 1200  37 1000
-21.7  111.6 20 20110406 1800  35 1000
-22.3  111.0 20 20110407    0  35 1002
-22.3  110.2 20 20110407  600  31 1001
-21.4  109.4 20 20110407 1200  34 1002
-20.9  108.5 20 20110407 1800  31 1003
-20.6  107.7 20 20110408    0  34 1005
-19.4  106.0 20 20110408 1200  38 1004
-18.6  105.1 20 20110408 1800  36 1004
-17.8  103.7 20 20110409    0  36 1003
-17.0  103.2 20 20110409  600  32 1004
-17.0  102.6 20 20110409 1200  31 1005
-11.4  131.1 21 20110331    0  31 1003
-11.6  130.7 21 20110331  600  28  999
-12.7  130.5 21 20110331 1200  28 1002
-13.6  128.8 21 20110331 1800  31  999
-13.3  127.1 21 20110401    0  32 1002
-13.0  127.1 21 20110401  600  30  999
-13.3  125.4 21 20110401 1200  30 1001
-13.9  124.5 21 20110401 1800  34  998
-13.9  123.1 21 20110402    0  36  998
-13.9  122.0 21 20110402  600  38  994
-14.1  121.2 21 20110402 1200  41  995
-14.1  119.8 21 20110402 1800  46  992
-14.1  118.9 21 20110403    0  44  993
-14.4  118.4 21 20110403  600  44  989
-15.0  117.5 21 20110403 1200  51  988
-15.5  116.7 21 20110403 1800  50  986
-16.1  115.5 21 20110404    0  54  984
-16.7  114.7 21 20110404  600  55  980
-17.2  114.1 21 20110404 1200  50  984
-17.5  113.3 21 20110404 1800  54  984
-18.1  112.7 21 20110405    0  53  983
-18.6  112.2 21 20110405  600  52  988
-18.9  111.6 21 20110405 1200  42  993
-19.2  111.0 21 20110405 1800  39  995
-19.8  110.2 21 20110406    0  40  996
-20.0  109.9 21 20110406  600  41  993
-20.3  109.6 21 20110406 1200  43  992
-20.9  109.6 21 20110406 1800  44  990
-22.0  109.4 21 20110407    0  39  989
-22.9  109.1 21 20110407  600  44  991
-24.3  109.1 21 20110407 1200  50  993
-25.7  108.2 21 20110407 1800  44  991
-27.1  107.4 21 20110408    0  44  990
-27.9  107.1 21 20110408  600  47  988
-29.0  108.5 21 20110408 1200  45  988
-31.0  109.6 21 20110408 1800  45  991
-33.1  111.5 21 20110409    0  44  993
-10.5  131.6 22 20110331    0  30 1003
-11.9  131.9 22 20110331 1200  25 1003
-12.2  131.0 22 20110331 1800  28 1001
-12.2  130.2 22 20110401    0  27 1004
-12.5  129.6 22 20110401  600  28 1001
-11.9  129.3 22 20110401 1800  26 1001
-12.2  129.3 22 20110402    0  29 1002
-13.3  128.8 22 20110402  600  30  997
-13.6  128.5 22 20110402 1200  29 1000
-14.4  127.6 22 20110402 1800  30  998
-14.4  126.0 22 20110403    0  32  999
-14.7  124.5 22 20110403  600  31  998
-15.0  124.0 22 20110403 1200  30 1001
-15.0  122.9 22 20110403 1800  35  999
-15.5  121.7 22 20110404    0  35 1002
-15.5  120.6 22 20110404  600  38  999
-15.7  120.1 22 20110404 1200  38  999
-15.7  119.5 22 20110404 1800  42  997
-16.0  119.1 22 20110405    0  47  996
-16.1  118.4 22 20110405  600  49  993
-16.4  118.1 22 20110405 1200  49  993
-16.2  117.8 22 20110405 1800  52  991
-16.9  117.9 22 20110406    0  52  991
-17.2  117.8 22 20110406  600  51  988
-17.2  118.1 22 20110406 1200  51  987
-17.8  118.4 22 20110406 1800  57  980
-17.8  118.6 22 20110407    0  57  980
-18.1  118.9 22 20110407  600  65  971
-18.1  119.5 22 20110407 1200  66  966
-18.4  119.8 22 20110407 1800  61  971
-19.2  120.9 22 20110408    0  64  971
-20.3  121.2 22 20110408  600  47  981
-21.2  121.5 22 20110408 1200  43  990
-21.7  122.0 22 20110408 1800  37  996
-22.6  122.3 22 20110409    0  39 1001
-22.3  124.5 22 20110409  600  32 1003
-11.6  131.9 23 20110331    0  31 1001
-12.5  131.6 23 20110331  600  28  998
-13.7  129.6 23 20110331 1200  39 1000
-12.7  129.0 23 20110331 1800  36  997
-12.7  128.8 23 20110401    0  37  998
-13.0  128.8 23 20110401  600  34  996
-13.0  128.2 23 20110401 1200  34  998
-12.7  127.4 23 20110401 1800  34  997
-12.7  126.8 23 20110402    0  35  997
-13.3  126.2 23 20110402  600  32  995
-13.6  125.1 23 20110402 1200  36  997
-13.9  124.3 23 20110402 1800  40  993
-14.1  123.1 23 20110403    0  44  994
-14.1  122.0 23 20110403  600  42  991
-14.1  121.5 23 20110403 1200  43  992
-14.1  120.9 23 20110403 1800  39  990
-14.4  120.6 23 20110404    0  39  994
-15.0  120.6 23 20110404  600  41  993
-15.8  120.3 23 20110404 1200  40  995
-16.4  120.0 23 20110404 1800  40  994
-17.2  119.5 23 20110405    0  44  994
-17.8  118.9 23 20110405  600  43  993
-18.4  118.6 23 20110405 1200  47  994
-18.6  118.4 23 20110405 1800  48  993
-18.9  118.1 23 20110406    0  43  994
-20.0  117.8 23 20110406  600  42  993
-20.9  117.5 23 20110406 1200  37  991
-22.3  117.5 23 20110406 1800  42  989
-24.3  117.8 23 20110407    0  35  998
-26.5  118.4 23 20110407  600  35  996
-28.8  120.0 23 20110407 1200  39  996
-31.3  122.3 23 20110407 1800  38  994
-37.2  127.6 23 20110408  600  40  991
-10.5  130.2 24 20110331    0  30 1003
-10.5  129.9 24 20110331 1200  23 1003
-12.7  129.9 24 20110331 1800  28 1002
-13.3  127.9 24 20110401  600  29 1001
-14.4  128.2 24 20110401 1200  26 1004
-13.0  125.7 24 20110401 1800  30 1001
-13.6  125.7 24 20110402    0  33 1003
-14.4  124.3 24 20110402  600  25 1000
-14.7  123.1 24 20110402 1200  28 1003
-14.7  122.0 24 20110402 1800  30 1001
-14.7  121.2 24 20110403    0  33 1003
-15.3  120.6 24 20110403  600  33 1000
-15.5  120.0 24 20110403 1200  36 1002
-16.7  118.6 24 20110403 1800  46  999
-17.0  117.5 24 20110404    0  44 1000
-17.2  117.0 24 20110404  600  38  998
-17.2  116.7 24 20110404 1200  33 1000
-17.5  116.4 24 20110404 1800  38  999
-17.8  116.1 24 20110405    0  41 1001
-18.0  115.6 24 20110405  600  35 1000
-18.2  115.4 24 20110405 1200  37 1000
-18.4  115.3 24 20110405 1800  37 1001
-18.4  115.3 24 20110406    0  35 1002
-19.2  115.8 24 20110406 1200  34 1001
-20.0  114.7 24 20110406 1800  34  998
-19.5  115.0 24 20110407    0  33 1000
-19.5  115.3 24 20110407  600  27 1000
-18.9  114.7 24 20110407 1800  24 1002
-18.6  114.1 24 20110408    0  23 1003
-18.1  113.0 24 20110408 1200  22 1004
-18.1  112.2 24 20110408 1800  26 1005
-17.5  111.0 24 20110409    0  28 1006
-17.5  110.2 24 20110409  600  24 1005
-17.0  109.4 24 20110409 1200  24 1006
-17.2  109.1 24 20110409 1800  25 1007
-17.5  108.2 24 20110410    0  24 1007
-17.1  106.8 24 20110410  600  21 1007
-16.5  105.7 24 20110410 1200  20 1006
-16.5  105.1 24 20110410 1800  20 1007
-16.0  103.5 24 20110411    0  22 1007
-11.9  131.9 25 20110331  600  27  999
-12.5  130.2 25 20110331 1200  36 1002
-13.0  128.6 25 20110331 1800  34 1000
-12.7  127.6 25 20110401    0  32 1001
-13.1  128.0 25 20110401  600  34  998
-14.1  127.9 25 20110401 1200  34 1000
-14.1  126.5 25 20110401 1800  30  998
-14.4  125.1 25 20110402    0  32 1000
-14.4  124.0 25 20110402  600  31  998
-14.7  123.1 25 20110402 1200  34 1001
-14.4  122.3 25 20110402 1800  31 1000
-14.5  121.7 25 20110403    0  35 1001
-14.4  120.9 25 20110403  600  32  999
-14.7  120.6 25 20110403 1200  34 1000
-15.0  120.0 25 20110403 1800  43  998
-15.3  119.5 25 20110404    0  45  999
-15.8  118.6 25 20110404  600  44  995
-16.1  118.1 25 20110404 1200  47  993
-16.1  117.2 25 20110404 1800  52  992
-16.1  117.0 25 20110405    0  49  993
-16.4  116.7 25 20110405  600  49  989
-17.0  116.4 25 20110405 1200  53  986
-17.5  116.1 25 20110405 1800  61  980
-17.8  116.1 25 20110406    0  60  973
-18.4  116.1 25 20110406  600  65  968
-18.6  116.4 25 20110406 1200  59  971
-18.9  117.0 25 20110406 1800  50  978
-19.2  117.8 25 20110407    0  50  983
-20.0  118.4 25 20110407  600  52  979
-20.3  119.2 25 20110407 1200  51  980
-21.2  119.8 25 20110407 1800  39  985
-21.4  119.8 25 20110408    0  31  994
-22.0  120.3 25 20110408  600  32  998
-23.7  120.9 25 20110408 1200  30 1000
-24.3  120.6 25 20110408 1800  29 1002
-10.2  130.2 26 20110331    0  31 1003
-11.1  129.3 26 20110331  600  30  999
-10.5  129.3 26 20110331 1200  27 1002
-10.5  130.2 26 20110331 1800  28  998
-11.1  130.2 26 20110401    0  29 1001
-12.2  129.9 26 20110401  600  27  999
-13.0  128.8 26 20110401 1200  31 1000
-13.3  127.4 26 20110401 1800  36  998
-13.6  126.8 26 20110402    0  33  999
-14.4  125.4 26 20110402  600  31  996
-14.1  124.0 26 20110402 1200  33  998
-14.4  123.1 26 20110402 1800  35  995
-14.7  122.0 26 20110403    0  41  996
-14.4  120.9 26 20110403  600  40  994
-14.4  120.3 26 20110403 1200  41  995
-14.7  119.5 26 20110403 1800  48  990
-14.4  118.9 26 20110404    0  50  989
-14.7  118.9 26 20110404  600  46  986
-15.3  118.4 26 20110404 1200  53  984
-15.5  117.5 26 20110404 1800  54  980
-15.8  116.4 26 20110405    0  52  977
-15.8  116.1 26 20110405  600  54  977
-16.1  115.8 26 20110405 1200  55  977
-16.7  115.3 26 20110405 1800  55  974
-17.2  115.0 26 20110406    0  60  973
-17.5  114.4 26 20110406  600  57  971
-18.1  114.1 26 20110406 1200  57  971
-18.6  113.9 26 20110406 1800  58  968
-19.5  113.3 26 20110407    0  61  969
-19.8  112.5 26 20110407  600  64  966
-19.8  111.6 26 20110407 1200  66  963
-19.8  110.2 26 20110407 1800  66  970
-19.5  109.4 26 20110408    0  60  975
-19.8  108.5 26 20110408  600  57  975
-19.8  107.4 26 20110408 1200  60  974
-19.8  106.3 26 20110408 1800  59  977
-19.5  104.9 26 20110409    0  59  979
-19.5  104.0 26 20110409  600  62  973
-19.2  103.7 26 20110409 1200  57  979
-20.0  103.2 26 20110409 1800  56  978
-20.3  102.6 26 20110410    0  56  976
-20.4  101.8 26 20110410  600  51  980
-21.6  101.2 26 20110410 1200  52  980
-22.7  100.1 26 20110410 1800  55  979
-23.8   99.5 26 20110411    0  52  976
-24.4   99.0 26 20110411  600  48  978
-25.2   98.7 26 20110411 1200  44  983
-26.1   98.4 26 20110411 1800  43  987
-26.1   97.8 26 20110412    0  38  991
-26.1   97.8 26 20110412  600  38  995
-26.1   97.8 26 20110412 1200  37  996
-26.6   97.3 26 20110412 1800  36 1001
-27.2   96.1 26 20110413    0  33 1002
-27.2   95.0 26 20110413  600  29 1007
-27.8   94.5 26 20110413 1200  27 1007
-28.9   93.3 26 20110413 1800  29 1011
-11.1  131.0 27 20110331    0  30 1002
-11.3  130.7 27 20110331  600  29  999
-11.6  131.0 27 20110331 1200  29 1002
-12.5  131.0 27 20110331 1800  30 1001
-12.5  127.6 27 20110401    0  28 1004
-12.5  127.9 27 20110401  600  30 1001
-13.3  127.1 27 20110401 1200  27 1003
-13.0  128.8 27 20110401 1800  32 1002
-13.3  125.7 27 20110402    0  34 1003
-14.1  124.0 27 20110402  600  32  999
-14.4  122.6 27 20110402 1200  35  999
-14.7  121.2 27 20110402 1800  40  997
-14.7  119.8 27 20110403    0  37  998
-15.3  118.4 27 20110403  600  36  997
-15.5  117.0 27 20110403 1200  37  998
-15.5  115.8 27 20110403 1800  38  995
-15.8  115.0 27 20110404    0  41  996
-16.1  113.6 27 20110404  600  43  992
-16.7  112.5 27 20110404 1200  41  991
-16.7  111.0 27 20110404 1800  46  987
-17.2  110.2 27 20110405    0  46  987
-17.5  109.4 27 20110405  600  52  979
-18.4  108.5 27 20110405 1200  53  979
-19.2  108.0 27 20110405 1800  60  975
-20.0  107.7 27 20110406    0  59  976
-21.2  107.4 27 20110406  600  56  977
-22.3  107.4 27 20110406 1200  57  977
-23.1  107.7 27 20110406 1800  59  976
-24.3  108.0 27 20110407    0  53  981
-25.4  107.7 27 20110407  600  55  982
-26.2  108.0 27 20110407 1200  58  986
-27.1  107.7 27 20110407 1800  51  993
-10.2  130.5 28 20110331    0  33 1004
-10.2  130.5 28 20110331  600  27 1001
-12.2  130.2 28 20110331 1200  25 1003
-12.2  129.9 28 20110331 1800  31 1000
-12.2  127.6 28 20110401    0  34  999
-12.2  128.5 28 20110401  600  30  996
-12.9  128.7 28 20110401 1200  31 1000
-13.6  127.6 28 20110401 1800  39  996
-13.6  126.8 28 20110402    0  35  998
-14.1  125.4 28 20110402  600  30  995
-14.4  124.8 28 20110402 1200  35  998
-15.3  123.7 28 20110402 1800  35  996
-15.8  122.6 28 20110403    0  39  999
-16.7  121.5 28 20110403  600  41  997
-16.7  120.6 28 20110403 1200  43  999
-16.7  119.2 28 20110403 1800  44  997
-16.4  118.1 28 20110404    0  43  999
-16.7  117.5 28 20110404  600  38  998
-16.7  117.0 28 20110404 1200  39 1000
-16.8  116.0 28 20110404 1800  37 1000
-17.2  115.3 28 20110405    0  39 1001
-17.2  114.4 28 20110405  600  34  999
-17.5  114.4 28 20110405 1200  38 1000
-17.8  113.5 28 20110405 1800  36 1000
-18.1  112.5 28 20110406    0  36 1000
-18.4  112.2 28 20110406  600  31 1000
-18.6  111.6 28 20110406 1200  31 1001
-18.6  111.0 28 20110406 1800  31 1001
-18.9  109.9 28 20110407    0  30 1003
-19.2  109.4 28 20110407  600  27 1002
-19.5  108.5 28 20110407 1200  31 1002
-19.4  108.6 28 20110407 1800  30 1002
-20.6  108.0 28 20110408    0  37  999
-20.0  108.0 28 20110408  600  40  996
-20.0  108.5 28 20110408 1200  38  998
-20.3  109.4 28 20110408 1800  37 1000
-21.4  111.3 28 20110409  600  34 1000
-21.7  113.3 28 20110409 1200  38 1002
-11.3  130.7 29 20110331    0  30 1003
-12.2  131.6 29 20110331  600  27 1000
-12.2  131.3 29 20110331 1200  29 1003
-13.4  129.0 29 20110331 1800  31 1001
-13.0  127.6 29 20110401    0  31 1004
-12.7  127.1 29 20110401  600  25 1001
-12.5  126.8 29 20110401 1200  23 1003
-12.2  126.8 29 20110401 1800  26 1001
-12.7  126.2 29 20110402    0  31 1002
-13.0  125.1 29 20110402  600  33  998
-13.3  124.0 29 20110402 1200  32 1002
-13.3  122.3 29 20110402 1800  35  999
-13.9  121.7 29 20110403    0  34  999
-13.9  120.3 29 20110403  600  37  996
-13.9  119.2 29 20110403 1200  37  997
-14.4  118.4 29 20110403 1800  38  993
-14.7  117.5 29 20110404    0  41  992
-15.3  116.4 29 20110404  600  43  990
-15.8  115.5 29 20110404 1200  47  991
-16.1  114.4 29 20110404 1800  50  990
-16.4  113.3 29 20110405    0  50  988
-17.0  112.5 29 20110405  600  52  987
-17.5  111.9 29 20110405 1200  55  986
-17.8  111.3 29 20110405 1800  53  984
-18.1  111.0 29 20110406    0  52  982
-18.4  111.0 29 20110406  600  51  983
-18.4  111.6 29 20110406 1200  49  985
-18.1  112.2 29 20110406 1800  47  986
-18.1  112.5 29 20110407    0  46  988
-18.1  112.7 29 20110407  600  46  988
-18.1  112.7 29 20110407 1200  45  988
-18.4  112.5 29 20110407 1800  50  988
-18.1  111.9 29 20110408    0  38  992
-17.8  111.3 29 20110408  600  37  994
-17.5  110.5 29 20110408 1200  38  995
-16.7  110.2 29 20110408 1800  34  997
-16.7  110.2 29 20110409    0  35  998
-16.7  109.6 29 20110409  600  35  998
-16.1  109.6 29 20110409 1200  40  996
-16.4  109.4 29 20110409 1800  41  997
-16.7  108.5 29 20110410    0  41  998
-15.4  106.8 29 20110410  600  32 1003
-14.8  105.7 29 20110410 1200  34 1002
-14.8  105.1 29 20110410 1800  28 1003
-14.9  103.9 29 20110411    0  28 1002
-15.0  103.3 29 20110411  600  26 1004
-15.1  103.0 29 20110411 1200  27 1002
-15.4  102.3 29 20110411 1800  26 1005
-16.0  101.8 29 20110412    0  26 1003
-16.5  101.8 29 20110412  600  24 1005
-17.0  101.1 29 20110412 1200  24 1003
-17.6  100.1 29 20110412 1800  24 1005
-17.6   99.5 29 20110413    0  25 1004
-18.8   99.0 29 20110413  600  27 1005
-18.8   97.8 29 20110413 1200  23 1003
-19.3   97.3 29 20110413 1800  23 1005
-19.3   96.1 29 20110414    0  20 1005
-21.0   95.6 29 20110414  600  22 1008
-24.9   96.1 29 20110414 1800  21 1009
-26.6   96.7 29 20110415    0  23 1008
-11.3  131.7 30 20110331  600  28  999
-11.9  131.6 30 20110331 1200  27 1002
-12.2  130.7 30 20110331 1800  26 1000
-13.3  128.5 30 20110401    0  32 1002
-13.3  127.9 30 20110401  600  30  998
-13.3  127.6 30 20110401 1200  26 1000
-13.6  127.6 30 20110401 1800  25  999
-14.1  127.1 30 20110402    0  32 1002
-15.0  125.4 30 20110402  600  30 1000
-15.3  124.0 30 20110402 1200  30 1003
-15.5  122.9 30 20110402 1800  31 1001
-15.5  121.5 30 20110403    0  34 1002
-15.5  119.8 30 20110403  600  29 1001
-15.3  119.2 30 20110403 1200  32 1002
-15.3  118.6 30 20110403 1800  33 1001
-15.5  118.4 30 20110404    0  36 1001
-16.1  118.4 30 20110404  600  35  999
-16.4  117.2 30 20110404 1200  34 1001
-16.7  115.8 30 20110404 1800  37 1003
-16.7  114.7 30 20110405    0  35 1003
-16.4  113.9 30 20110405  600  29 1003
-16.1  113.4 30 20110405 1200  26 1003
-15.8  113.0 30 20110405 1800  25 1005
-15.8  112.2 30 20110406    0  27 1005
-16.0  111.9 30 20110406  600  26 1003
-15.8  111.3 30 20110406 1800  23 1003
-16.4  111.3 30 20110407  600  24 1003
-16.1  112.1 30 20110407 1200  27 1002
-17.0  111.9 30 20110407 1800  28 1001
-16.7  111.6 30 20110408    0  30 1000
-16.4  112.7 30 20110408 1200  35 1000
-16.7  113.0 30 20110408 1800  33 1000
-17.0  113.9 30 20110409  600  30 1001
-16.4  113.9 30 20110410    0  26 1003
-16.0  114.7 30 20110410  600  24 1002
-16.5  114.1 30 20110410 1800  22 1003
-15.4  114.1 30 20110411    0  21 1003
-15.4  116.4 30 20110412    0  24 1003
-15.4  117.5 30 20110412  600  21 1003
-16.0  117.5 30 20110412 1200  22 1003
-17.6  114.7 30 20110413    0  25 1002
-19.9  115.3 30 20110413 1200  28 1003
-20.4  115.3 30 20110413 1800  28 1004
-21.0  115.3 30 20110414  600  27 1003
-11.3  131.9 31 20110331    0  34 1002
-11.6  131.9 31 20110331  600  27  999
-12.2  131.0 31 20110331 1200  32 1001
-12.7  129.6 31 20110331 1800  32  999
-13.0  128.5 31 20110401    0  32 1001
-13.7  128.0 31 20110401  600  33  998
-13.9  127.6 31 20110401 1200  28 1001
-13.9  126.5 31 20110401 1800  29  999
-13.9  126.0 31 20110402    0  32  999
-14.1  125.1 31 20110402  600  34  995
-14.1  124.5 31 20110402 1200  37  997
-14.1  124.0 31 20110402 1800  39  994
-14.4  123.7 31 20110403    0  40  996
-15.0  123.4 31 20110403  600  38  994
-15.5  123.1 31 20110403 1200  39  995
-16.1  122.3 31 20110403 1800  46  992
-16.4  121.2 31 20110404    0  45  995
-16.7  120.3 31 20110404  600  45  993
-16.4  120.3 31 20110404 1200  46  993
-17.0  120.0 31 20110404 1800  51  992
-17.2  120.0 31 20110405    0  47  995
-17.5  119.5 31 20110405  600  45  998
-17.8  118.9 31 20110405 1200  46 1000
-17.2  118.1 31 20110405 1800  37 1001
-17.0  117.8 31 20110406    0  33 1003
-17.2  118.1 31 20110406  600  33 1001
-18.1  118.1 31 20110406 1200  36 1000
-18.4  117.8 31 20110406 1800  41  995
-18.4  118.4 31 20110407    0  42  995
-18.4  118.1 31 20110407  600  35  996
-18.9  118.6 31 20110407 1200  36  997
-19.8  118.9 31 20110407 1800  38  998
-20.9  118.9 31 20110408    0  28 1000
-21.7  118.2 31 20110408  600  30 1001
-23.1  118.9 31 20110408 1200  30 1004
-24.3  119.5 31 20110408 1800  25 1004
-10.8  129.6 32 20110331  600  31 1000
-11.1  130.5 32 20110331 1800  35 1000
-12.7  129.6 32 20110401    0  33 1002
-12.5  129.3 32 20110401  600  29 1000
-12.2  129.3 32 20110401 1200  24 1002
-12.7  129.6 32 20110401 1800  30 1000
-13.6  129.3 32 20110402    0  33 1003
-14.1  128.2 32 20110402  600  29 1000
-13.6  127.1 32 20110402 1200  30 1004
-13.6  125.4 32 20110402 1800  31 1002
-14.7  123.1 32 20110403  600  31 1003
-15.5  121.7 32 20110403 1200  30 1005
-15.8  120.0 32 20110403 1800  37 1003
-15.8  118.1 32 20110404    0  37 1005
-15.5  116.1 32 20110404  600  33 1003
-15.3  115.0 32 20110404 1200  30 1005
-15.0  113.9 32 20110404 1800  32 1004
-15.3  112.7 32 20110405    0  32 1004
-15.0  111.9 32 20110405  600  32 1004
-15.3  111.0 32 20110405 1200  29 1004
-15.4  110.6 32 20110405 1800  29 1005
-15.0  109.6 32 20110406    0  28 1004
-15.3  109.1 32 20110406  600  25 1003
-15.0  108.2 32 20110406 1200  33 1003
-14.4  105.4 32 20110407    0  31 1003
-11.3  130.7 33 20110331    0  33 1003
-11.3  131.0 33 20110331  600  30  999
-11.9  131.0 33 20110331 1200  27 1002
-10.2  129.9 34 20110331    0  32 1003
-11.3  131.9 34 20110331  600  27 1000
-10.5  133.5 34 20110331 1200  26 1004
-13.9  134.1 34 20110331 1800  26 1002
-11.3  131.9 35 20110331    0  36 1002
-11.6  131.6 35 20110331  600  27  998
-11.9  131.0 35 20110331 1200  27 1001
-12.2  129.6 35 20110331 1800  30 1000
-11.6  127.9 35 20110401    0  31 1002
-11.3  127.4 35 20110401  600  29  998
-11.6  127.4 35 20110401 1200  30 1000
-11.9  126.8 35 20110401 1800  32  997
-12.5  126.2 35 20110402    0  33  999
-13.6  124.5 35 20110402  600  37  995
-14.4  123.1 35 20110402 1200  39  998
-14.4  121.5 35 20110402 1800  40  995
-14.4  119.8 35 20110403    0  41  995
-14.7  118.6 35 20110403  600  39  991
-14.7  118.1 35 20110403 1200  43  990
-15.3  117.0 35 20110403 1800  45  988
-15.5  116.1 35 20110404    0  49  988
-15.8  115.3 35 20110404  600  49  985
-16.1  115.5 35 20110404 1200  48  988
-16.7  115.0 35 20110404 1800  45  986
-17.2  114.1 35 20110405    0  43  987
-17.8  113.3 35 20110405  600  51  983
-18.4  113.0 35 20110405 1200  60  974
-18.6  112.7 35 20110405 1800  52  976
-19.5  112.7 35 20110406    0  59  975
-20.0  113.0 35 20110406  600  58  975
-20.9  113.9 35 20110406 1200  65  972
-21.7  114.4 35 20110406 1800  51  977
-23.1  115.5 35 20110407    0  44  982
-25.9  117.8 35 20110407  600  49  983
-30.2  120.6 35 20110407 1200  53  979
-35.5  122.3 35 20110407 1800  61  976
-10.2  129.6 36 20110331    0  28 1004
-11.1  129.9 36 20110331  600  30 1000
-11.9  129.9 36 20110331 1200  28 1002
-12.9  128.6 36 20110401    0  28 1003
-12.7  128.2 36 20110401  600  31  999
-13.3  124.8 36 20110401 1200  35 1003
-11.3  130.7 37 20110331    0  28 1002
-12.5  130.7 37 20110331  600  33  999
-11.3  129.9 37 20110331 1200  29 1002
-11.9  129.0 37 20110331 1800  33 1000
-12.5  127.9 37 20110401    0  33 1002
-12.5  127.1 37 20110401  600  27 1000
-11.3  125.1 37 20110401 1200  29 1002
-12.4  125.2 37 20110401 1800  31  999
-12.9  124.2 37 20110402    0  35 1000
-13.0  122.9 37 20110402  600  39  997
-13.0  121.5 37 20110402 1200  37  998
-13.0  120.3 37 20110402 1800  39  992
-13.3  119.5 37 20110403    0  46  990
-13.6  118.1 37 20110403  600  45  987
-13.6  117.0 37 20110403 1200  48  987
-13.6  116.1 37 20110403 1800  49  984
-14.1  115.0 37 20110404    0  54  980
-14.7  114.1 37 20110404  600  56  976
-15.5  113.3 37 20110404 1200  54  979
-15.8  112.5 37 20110404 1800  52  976
-16.7  111.6 37 20110405    0  52  978
-17.0  110.8 37 20110405  600  50  977
-17.5  110.2 37 20110405 1200  50  977
-18.1  109.9 37 20110405 1800  53  975
-19.5  109.6 37 20110406    0  60  976
-20.3  109.4 37 20110406  600  61  969
-21.4  109.9 37 20110406 1200  57  973
-22.3  110.8 37 20110406 1800  56  976
-23.1  112.5 37 20110407    0  54  979
-25.1  114.4 37 20110407  600  64  974
-28.8  117.8 37 20110407 1200  68  976
-33.5  120.9 37 20110407 1800  57  976
-38.6  121.4 37 20110408    0  52  976
-10.8  131.9 38 20110331    0  30 1004
-11.9  131.9 38 20110331  600  26 1001
-12.5  131.3 38 20110331 1200  25 1003
-13.0  129.9 38 20110331 1800  24 1001
-13.3  128.8 38 20110401    0  26 1004
-13.8  128.3 38 20110401  600  26 1000
-14.1  127.9 38 20110401 1200  28 1003
-13.9  126.5 38 20110401 1800  26 1001
-14.7  124.8 38 20110402    0  32 1003
-15.3  123.7 38 20110402  600  30 1000
-15.5  123.1 38 20110402 1200  31 1002
-15.8  122.0 38 20110402 1800  31  999
-16.4  121.2 38 20110403    0  36 1002
-17.2  120.4 38 20110403  600  37 1000
-17.5  119.2 38 20110403 1200  39 1001
-17.8  118.2 38 20110403 1800  43 1000
-17.9  117.5 38 20110404    0  43 1001
-18.1  116.4 38 20110404  600  41 1000
-18.1  116.3 38 20110404 1200  40 1001
-19.2  116.1 38 20110404 1800  44  999
-19.5  114.9 38 20110405    0  44  998
-20.0  114.7 38 20110405  600  43  996
-20.3  114.7 38 20110405 1200  45  994
-20.6  114.1 38 20110405 1800  42  995
-21.2  113.6 38 20110406    0  38  997
-22.0  113.0 38 20110406  600  32  998
-22.0  113.3 38 20110406 1200  32 1000
-22.0  113.0 38 20110406 1800  29 1000
-21.4  112.7 38 20110407    0  29 1001
-18.9  112.2 38 20110408    0  24 1005
-18.6  112.2 38 20110408  600  25 1004
-18.1  111.9 38 20110408 1200  26 1005
-17.5  111.6 38 20110408 1800  25 1005
-17.2  111.3 38 20110409    0  27 1006
-17.0  111.0 38 20110409  600  25 1005
-17.0  110.8 38 20110409 1200  26 1006
-16.4  110.2 38 20110409 1800  23 1006
-15.8  109.9 38 20110410    0  23 1007
-16.0  110.2 38 20110410  600  24 1006
-14.8  109.1 38 20110410 1200  22 1005
-14.3  108.0 38 20110411    0  21 1007
-14.3  107.4 38 20110411  600  23 1007
-14.4  106.4 38 20110411 1800  21 1008
-14.3  105.1 38 20110412  600  20 1007
-16.0  104.6 38 20110412 1800  19 1008
-15.4  104.0 38 20110413 1800  17 1009
-10.8  131.2 39 20110331    0  33 1002
-11.9  131.6 39 20110331  600  31  998
-13.0  130.7 39 20110331 1200  32 1001
-13.6  129.3 39 20110331 1800  36  996
-13.6  128.8 39 20110401    0  35  998
-13.6  127.9 39 20110401  600  35  994
-13.9  127.4 39 20110401 1200  42  995
-14.4  126.2 39 20110401 1800  36  996
-15.0  124.5 39 20110402    0  32 1000
-15.3  122.9 39 20110402  600  31  998
-15.0  121.5 39 20110402 1200  34 1001
-14.1  120.3 39 20110402 1800  33  999
-13.6  119.5 39 20110403    0  34  999
-13.9  119.2 39 20110403  600  31  998
-14.1  118.4 39 20110403 1200  33  998
-14.7  116.7 39 20110403 1800  37  996
-14.7  115.5 39 20110404    0  37  996
-15.0  114.4 39 20110404  600  39  992
-15.3  113.3 39 20110404 1200  40  992
-15.5  112.2 39 20110404 1800  40  992
-16.1  111.3 39 20110405    0  41  992
-16.4  110.5 39 20110405  600  43  990
-17.2  109.9 39 20110405 1200  48  990
-17.5  109.1 39 20110405 1800  50  987
-18.1  108.5 39 20110406    0  55  986
-18.4  108.2 39 20110406  600  52  982
-18.6  108.2 39 20110406 1200  54  982
-18.9  108.0 39 20110406 1800  55  980
-18.6  107.7 39 20110407    0  58  979
-18.4  107.4 39 20110407  600  63  976
-18.1  107.1 39 20110407 1200  60  975
-18.1  106.5 39 20110407 1800  58  977
-18.1  105.7 39 20110408    0  57  981
-18.1  105.1 39 20110408  600  55  981
-18.4  105.1 39 20110408 1200  59  979
-18.6  104.6 39 20110408 1800  58  982
-18.4  104.9 39 20110409    0  48  985
-18.6  104.9 39 20110409  600  47  987
-18.6  104.3 39 20110409 1200  49  989
-18.9  103.7 39 20110409 1800  55  986
-19.2  103.2 39 20110410    0  62  986
-18.2  101.8 39 20110410  600  43  995
-18.2  101.2 39 20110410 1200  42  995
-18.8  100.6 39 20110410 1800  43  998
-19.3  100.1 39 20110411    0  45  996
-18.8   99.0 39 20110411  600  44  998
-18.8   99.0 39 20110411 1200  38  997
-18.4   98.7 39 20110411 1800  35 1001
-18.2   98.4 39 20110412    0  33 1001
-18.5   97.6 39 20110412  600  34 1004
-18.2   97.3 39 20110412 1200  35 1003
-18.2   96.1 39 20110412 1800  30 1007
-17.6   94.5 39 20110413 1200  29 1008
-17.1   93.3 39 20110413 1800  28 1011
-11.1  129.6 40 20110331    0  29 1004
-11.3  129.6 40 20110331  600  30 1000
-10.8  129.6 40 20110331 1200  29 1002
-11.9  129.3 40 20110331 1800  29 1000
-12.5  128.5 40 20110401    0  29 1002
-12.7  128.2 40 20110401  600  28  999
-12.7  128.2 40 20110401 1200  28 1000
-13.6  127.6 40 20110401 1800  31  997
-13.6  126.5 40 20110402    0  31  998
-14.4  125.4 40 20110402  600  30  995
-14.1  124.0 40 20110402 1200  35  997
-14.7  123.4 40 20110402 1800  33  994
-15.0  122.9 40 20110403    0  36  994
-15.5  122.3 40 20110403  600  38  992
-16.1  122.0 40 20110403 1200  45  991
-16.7  121.5 40 20110403 1800  51  989
-17.0  120.6 40 20110404    0  53  991
-17.5  120.0 40 20110404  600  53  987
-17.8  119.8 40 20110404 1200  55  988
-17.8  119.5 40 20110404 1800  51  988
-18.1  119.2 40 20110405    0  52  991
-18.4  119.2 40 20110405  600  52  992
-18.6  118.6 40 20110405 1200  45  996
-19.2  117.5 40 20110405 1800  40  996
-19.8  116.4 40 20110406    0  37  998
-20.9  115.8 40 20110406  600  34  996
-21.2  115.8 40 20110406 1200  30  998
-22.3  115.5 40 20110406 1800  29 1000
-23.4  115.0 40 20110407    0  28 1002
-11.4  131.1 41 20110331    0  31 1003
-11.6  130.7 41 20110331  600  29  999
-12.5  130.5 41 20110331 1200  32 1002
-13.3  129.6 41 20110331 1800  34  999
-13.2  128.6 41 20110401    0  35 1002
-13.3  128.2 41 20110401  600  28  998
-13.6  127.1 41 20110401 1200  30  999
-13.6  126.8 41 20110401 1800  34  996
-13.9  126.0 41 20110402    0  36  999
-13.9  124.8 41 20110402  600  31  996
-13.3  124.3 41 20110402 1200  31 1000
-13.3  124.0 41 20110402 1800  35  996
-14.7  123.1 41 20110403    0  38  999
-15.0  122.6 41 20110403  600  35  996
-15.3  122.0 41 20110403 1200  35  999
-16.1  121.2 41 20110403 1800  38  998
-16.7  120.0 41 20110404    0  38 1000
-17.0  119.2 41 20110404  600  35 1000
-17.0  119.2 41 20110404 1200  35 1002
-16.7  118.4 41 20110404 1800  39 1002
-16.4  117.8 41 20110405    0  39 1002
-16.4  117.2 41 20110405  600  35 1003
-17.0  116.4 41 20110405 1200  31 1004
-17.0  115.8 41 20110405 1800  31 1005
-17.5  114.7 41 20110406    0  32 1006
-17.8  113.9 41 20110406  600  30 1005
-18.1  112.5 41 20110406 1200  29 1006
-18.6  110.2 41 20110406 1800  38 1007
-18.1  111.6 41 20110407 1200  33 1005
-19.2  112.5 41 20110407 1800  30 1006
-19.2  111.6 41 20110408    0  27 1006
-18.6  110.8 41 20110408  600  24 1006
-18.4  110.8 41 20110408 1200  26 1007
-20.6  112.5 41 20110409    0  28 1009
-10.5  131.6 42 20110331    0  30 1003
-11.1  132.1 42 20110331  600  28 1000
-11.9  131.0 42 20110331 1800  30 1000
-11.6  129.6 42 20110401    0  30 1003
-11.9  129.0 42 20110401  600  31  999
-12.2  129.0 42 20110401 1200  33 1001
-12.0  127.5 42 20110401 1800  31 1000
-11.6  127.6 42 20110402    0  32 1000
-12.7  128.5 42 20110402  600  34  995
-13.3  127.6 42 20110402 1200  43  998
-13.6  126.0 42 20110402 1800  41  993
-13.6  124.3 42 20110403    0  38  995
-13.3  124.0 42 20110403  600  38  992
-13.6  123.1 42 20110403 1200  40  994
-13.3  122.0 42 20110403 1800  44  990
-13.3  121.7 42 20110404    0  49  991
-13.9  120.9 42 20110404  600  42  988
-13.9  120.0 42 20110404 1200  42  990
-13.9  118.9 42 20110404 1800  44  988
-13.9  118.1 42 20110405    0  46  986
-14.1  117.5 42 20110405  600  47  985
-14.4  117.2 42 20110405 1200  48  987
-15.0  116.7 42 20110405 1800  51  986
-15.8  116.1 42 20110406    0  52  983
-16.1  115.5 42 20110406  600  51  982
-16.7  115.5 42 20110406 1200  52  982
-17.2  115.8 42 20110406 1800  55  979
-17.8  116.1 42 20110407    0  55  981
-18.4  115.8 42 20110407  600  58  978
-18.4  115.8 42 20110407 1200  55  979
-18.4  115.3 42 20110407 1800  61  981
-18.1  114.7 42 20110408    0  56  985
-18.1  114.1 42 20110408  600  57  984
-18.4  114.1 42 20110408 1200  57  985
-18.4  114.1 42 20110408 1800  49  990
-18.4  114.4 42 20110409    0  49  991
-18.6  114.7 42 20110409  600  44  992
-18.9  114.7 42 20110409 1200  47  993
-19.2  114.7 42 20110409 1800  41  993
-19.8  115.3 42 20110410    0  35  994
-19.3  115.3 42 20110410  600  27 1001
-19.9  115.8 42 20110410 1200  21 1002
-20.4  115.8 42 20110410 1800  20 1003
-21.0  115.8 42 20110411    0  19 1005
-11.6  131.9 43 20110331    0  31 1001
-12.2  131.6 43 20110331  600  29  998
-13.0  129.6 43 20110331 1200  36 1001
-12.5  127.6 43 20110331 1800  38  998
-11.3  127.6 43 20110401    0  38  999
-11.6  128.5 43 20110401  600  35  995
-11.9  128.5 43 20110401 1200  30  998
-12.2  128.2 43 20110401 1800  35  995
-12.7  128.2 43 20110402    0  37  997
-13.6  127.4 43 20110402  600  35  994
-14.1  126.2 43 20110402 1200  32  999
-14.7  124.5 43 20110402 1800  31  998
-15.0  123.1 43 20110403    0  39 1000
-15.0  121.5 43 20110403  600  37  999
-14.7  120.9 43 20110403 1200  37 1002
-14.7  120.3 43 20110403 1800  41 1000
-14.7  119.5 43 20110404    0  46  999
-14.7  118.9 43 20110404  600  38  997
-15.3  118.6 43 20110404 1200  37  998
-15.8  118.4 43 20110404 1800  43  995
-16.4  117.8 43 20110405    0  45  995
-16.4  116.7 43 20110405  600  42  991
-16.2  116.9 43 20110405 1200  40  991
-16.7  117.0 43 20110405 1800  48  988
-17.5  117.2 43 20110406    0  52  987
-18.1  117.0 43 20110406  600  48  986
-18.4  117.2 43 20110406 1200  49  988
-18.4  117.5 43 20110406 1800  52  987
-18.6  117.8 43 20110407    0  53  988
-19.2  117.8 43 20110407  600  50  986
-19.5  118.6 43 20110407 1200  50  986
-19.8  118.9 43 20110407 1800  48  986
-20.3  118.9 43 20110408    0  41  992
-20.3  118.4 43 20110408  600  37  995
-20.3  117.8 43 20110408 1200  31  998
-20.6  117.2 43 20110408 1800  30 1001
-20.9  116.4 43 20110409    0  31 1003
-21.2  115.5 43 20110409  600  32 1002
-20.6  114.7 43 20110409 1200  32 1005
-20.3  113.6 43 20110409 1800  31 1005
-10.5  130.2 44 20110331    0  30 1003
-10.5  129.3 44 20110331  600  28 1001
-11.9  131.9 45 20110331  600  29  998
-12.7  130.5 45 20110331 1200  31 1001
-12.7  129.0 45 20110331 1800  35  999
-12.2  128.5 45 20110401    0  30 1001
-12.5  128.2 45 20110401  600  29  998
-13.0  127.6 45 20110401 1200  37 1000
-13.3  127.1 45 20110401 1800  34  997
-13.6  126.0 45 20110402    0  36  998
-14.1  125.1 45 20110402  600  33  994
-14.4  124.0 45 20110402 1200  46  989
-14.7  122.9 45 20110402 1800  51  986
-15.0  121.7 45 20110403    0  53  990
-15.0  120.9 45 20110403  600  49  988
-15.5  120.9 45 20110403 1200  48  991
-15.8  120.0 45 20110403 1800  52  989
-16.1  119.5 45 20110404    0  52  990
-16.1  118.9 45 20110404  600  52  990
-16.1  118.6 45 20110404 1200  56  992
-16.4  118.4 45 20110404 1800  47  993
-17.0  117.5 45 20110405    0  49  993
-17.5  117.0 45 20110405  600  49  990
-18.1  116.7 45 20110405 1200  52  991
-18.1  116.4 45 20110405 1800  50  990
-18.4  116.1 45 20110406    0  51  990
-18.6  115.5 45 20110406  600  39  992
-19.2  115.8 45 20110406 1200  48  994
-19.2  116.1 45 20110406 1800  46  992
-20.0  117.0 45 20110407    0  40  995
-20.3  117.0 45 20110407  600  39  994
-19.8  117.2 45 20110407 1200  37  996
-19.8  118.1 45 20110407 1800  30  997
-20.0  118.1 45 20110408    0  28 1000
-20.3  117.5 45 20110408  600  28 1001
-20.0  116.7 45 20110408 1800  32 1002
-10.2  130.2 46 20110331    0  30 1003
-11.6  129.0 46 20110331  600  32  998
-11.6  129.6 46 20110331 1200  32  997
-11.9  130.2 46 20110331 1800  30  995
-12.7  129.9 46 20110401    0  29  999
-13.3  129.3 46 20110401  600  30  996
-13.9  128.5 46 20110401 1200  38  998
-14.1  127.6 46 20110401 1800  37  996
-14.4  126.0 46 20110402    0  36 1000
-14.7  124.5 46 20110402  600  31  998
-14.7  123.4 46 20110402 1200  39 1002
-14.4  122.3 46 20110402 1800  36 1000
-14.7  121.7 46 20110403    0  34 1001
-15.0  121.2 46 20110403  600  35  998
-15.0  120.7 46 20110403 1200  41  999
-15.0  120.3 46 20110403 1800  38  998
-15.5  119.5 46 20110404    0  41  998
-16.7  118.4 46 20110404  600  45  995
-16.7  117.2 46 20110404 1200  42  997
-16.7  116.4 46 20110404 1800  41  996
-16.4  115.5 46 20110405    0  38  998
-16.1  115.0 46 20110405  600  36  997
-15.8  114.7 46 20110405 1200  36  999
-15.8  114.1 46 20110405 1800  39  998
-15.1  113.7 46 20110406    0  44  999
-14.7  113.6 46 20110406  600  40  998
-15.3  113.6 46 20110406 1200  41  998
-15.0  114.4 46 20110406 1800  32  997
-15.3  115.3 46 20110407    0  36  999
-15.8  115.8 46 20110407  600  31  998
-16.7  115.3 46 20110407 1200  34  999
-16.7  115.0 46 20110407 1800  31  999
-16.4  115.3 46 20110408    0  34  998
-16.3  115.4 46 20110408  600  38  996
-17.0  116.1 46 20110408 1200  40  997
-18.0  116.0 46 20110408 1800  41  996
-18.4  115.5 46 20110409    0  46  995
-18.9  115.8 46 20110409  600  37  994
-20.0  115.3 46 20110409 1200  37  994
-20.3  115.3 46 20110409 1800  33  994
-21.4  115.3 46 20110410    0  30  994
-22.1  114.7 46 20110410  600  27  997
-23.3  114.7 46 20110410 1200  23  998
-25.4  114.5 46 20110410 1800  22 1000
-26.6  115.3 46 20110411    0  21 1001
-31.1  118.1 46 20110411 1200  29 1003
-11.1  131.0 47 20110331    0  31 1002
-11.9  131.6 47 20110331  600  29  999
-11.3  131.3 47 20110331 1200  31 1002
-13.0  128.8 47 20110331 1800  35 1000
-12.2  127.9 47 20110401    0  29 1002
-11.9  128.5 47 20110401  600  31  999
-12.2  129.1 47 20110401 1200  30 1002
-12.8  128.8 47 20110401 1800  31 1000
-13.0  127.1 47 20110402    0  38 1001
-13.6  126.2 47 20110402  600  34  998
-13.9  124.8 47 20110402 1200  33 1001
-13.9  123.4 47 20110402 1800  37  997
-13.9  122.6 47 20110403    0  38  999
-13.9  121.7 47 20110403  600  33  997
-14.1  121.2 47 20110403 1200  38  999
-14.1  120.3 47 20110403 1800  43  997
-14.7  119.8 47 20110404    0  46  998
-14.6  119.0 47 20110404  600  42  995
-14.7  118.6 47 20110404 1200  39  996
-14.7  118.4 47 20110404 1800  43  995
-14.9  117.8 47 20110405    0  44  997
-15.3  117.5 47 20110405  600  42  995
-15.5  117.0 47 20110405 1200  46  995
-15.8  117.2 47 20110405 1800  44  993
-16.2  117.0 47 20110406    0  49  993
-16.7  116.7 47 20110406  600  44  991
-17.0  117.0 47 20110406 1200  42  992
-17.5  116.7 47 20110406 1800  46  991
-17.8  116.4 47 20110407    0  47  991
-18.1  116.4 47 20110407  600  44  990
-18.4  116.7 47 20110407 1200  52  988
-18.4  116.7 47 20110407 1800  57  984
-18.9  117.0 47 20110408    0  60  984
-19.2  117.0 47 20110408  600  58  984
-19.5  117.2 47 20110408 1200  57  986
-19.2  117.5 47 20110408 1800  47  991
-19.2  117.8 47 20110409    0  43  995
-19.5  118.6 47 20110409  600  36  997
-19.8  119.5 47 20110409 1200  33 1001
-19.8  119.8 47 20110409 1800  29 1002
-19.8  120.0 47 20110410    0  27 1005
-19.9  120.9 47 20110410  600  24 1005
-19.9  120.3 47 20110410 1200  21 1007
-19.3  120.9 47 20110410 1800  19 1007
-11.1  129.3 48 20110331    0  33 1005
-10.2  129.6 48 20110331 1200  27 1004
-11.3  130.7 49 20110331    0  29 1003
-11.9  131.6 49 20110331  600  29 1000
-12.2  131.3 49 20110331 1200  30 1003
-13.6  129.0 49 20110331 1800  30 1001
-13.0  128.2 49 20110401    0  28 1003
-13.0  127.6 49 20110401  600  24 1001
-13.0  127.6 49 20110401 1200  28 1002
-13.0  127.4 49 20110401 1800  30 1000
-12.7  124.0 49 20110402    0  30 1002
-14.1  124.5 49 20110402  600  31  999
-14.1  123.1 49 20110402 1200  29 1003
-13.9  121.7 49 20110402 1800  33 1001
-14.1  120.9 49 20110403    0  32 1002
-14.4  119.5 49 20110403  600  31  999
-14.7  118.6 49 20110403 1200  33 1000
-14.7  117.2 49 20110403 1800  32  997
-15.0  116.1 49 20110404    0  35  999
-14.7  114.7 49 20110404  600  34  996
-14.7  113.9 49 20110404 1200  34  997
-14.4  113.3 49 20110404 1800  32  996
-14.7  112.5 49 20110405    0  34  996
-15.3  112.2 49 20110405  600  33  996
-15.8  111.6 49 20110405 1200  34  995
-16.4  110.8 49 20110405 1800  38  993
-16.7  109.9 49 20110406    0  40  992
-17.0  109.4 49 20110406  600  39  990
-17.2  109.1 49 20110406 1200  40  991
-17.2  109.4 49 20110406 1800  40  989
-17.8  109.9 49 20110407    0  41  989
-18.6  110.8 49 20110407  600  48  986
-19.8  111.0 49 20110407 1200  50  987
-20.3  110.5 49 20110407 1800  50  988
-20.9  110.5 49 20110408    0  48  992
-22.0  109.4 49 20110408 1200  45  995
-22.0  108.8 49 20110408 1800  39  995
-22.6  108.2 49 20110409    0  41  996
-23.1  108.2 49 20110409  600  38  997
-23.4  108.0 49 20110409 1200  40  999
-24.0  107.1 49 20110409 1800  39  999
-23.7  106.5 49 20110410    0  40 1001
-26.1  106.3 49 20110410  600  35 1001
-26.6  105.7 49 20110410 1200  36 1001
-27.8  105.1 49 20110410 1800  36 1004
-29.4  104.6 49 20110411    0  36 1003
-11.2  131.7 50 20110331  600  28  999
-12.2  129.9 50 20110331 1800  28 1000
-14.1  128.5 50 20110401    0  31 1002
-13.9  127.6 50 20110401  600  33  999
-13.6  126.5 50 20110401 1200  27 1002
-13.3  126.2 50 20110401 1800  27 1000
-13.6  125.4 50 20110402    0  30 1002
-15.4  124.1 50 20110402  600  33 1000
-15.3  122.3 50 20110402 1200  35 1002
-15.3  121.5 50 20110402 1800  39 1000
-15.3  120.6 50 20110403    0  39 1000
-15.3  119.8 50 20110403  600  42  998
-15.5  119.5 50 20110403 1200  44 1000
-16.1  118.9 50 20110403 1800  43  998
-16.3  117.9 50 20110404    0  43 1000
-16.7  116.9 50 20110404  600  42  998
-16.7  116.5 50 20110404 1200  40  999
-16.7  115.9 50 20110404 1800  40  999
-16.4  115.0 50 20110405    0  41  999
-16.4  114.7 50 20110405  600  36  999
-16.7  115.0 50 20110405 1200  37 1000
-17.2  114.4 50 20110405 1800  40  998
-17.4  113.7 50 20110406    0  40  998
-17.7  113.0 50 20110406  600  37  997
-17.9  113.2 50 20110406 1200  38  999
-18.6  113.6 50 20110406 1800  38  998
-19.2  113.3 50 20110407    0  34  996
-18.4  113.3 50 20110407 1200  27  999
-18.4  113.6 50 20110407 1800  30 1001
-18.9  113.6 50 20110408    0  32 1002
-19.2  113.3 50 20110408  600  31 1002
-19.2  113.0 50 20110408 1200  30 1003
-20.3  112.5 50 20110408 1800  32 1004
-20.0  111.6 50 20110409    0  40 1002
-19.5  111.5 50 20110409 1200  37 1003
-19.2  111.3 50 20110409 1800  36 1003
-19.2  110.8 50 20110410    0  33 1003
-19.3  110.8 50 20110410  600  29 1005
-19.3  110.2 50 20110410 1200  31 1004
-18.8  109.6 50 20110410 1800  28 1005
-18.8  109.1 50 20110411    0  28 1005
-19.3  108.5 50 20110411  600  29 1005
-17.1  107.4 50 20110411 1200  30 1004
-13.1  107.4 50 20110411 1800  23 1006
-10.3  105.7 50 20110412    0  22 1006
-10.8  131.2 51 20110331    0  27 1003
-11.6  131.9 51 20110331  600  30 1000
-12.2  131.0 51 20110331 1200  29 1003
-12.4  128.7 51 20110331 1800  28 1001
-12.5  127.6 51 20110401    0  31 1003
-12.2  127.1 51 20110401  600  29 1000
-12.2  127.4 51 20110401 1200  31 1001
-12.7  126.2 51 20110401 1800  29  999
-13.0  125.8 51 20110402    0  30 1000
-13.3  124.3 51 20110402  600  31  997
-13.6  123.4 51 20110402 1200  36  999
-13.6  122.3 51 20110402 1800  36  995
-13.9  121.5 51 20110403    0  39  995
-14.1  120.3 51 20110403  600  40  992
-14.4  119.5 51 20110403 1200  45  992
-14.7  118.4 51 20110403 1800  45  990
-15.3  117.2 51 20110404    0  46  991
-15.5  116.1 51 20110404  600  47  987
-15.8  115.3 51 20110404 1200  52  986
-16.1  114.4 51 20110404 1800  54  982
-16.4  113.6 51 20110405    0  54  981
-17.0  112.7 51 20110405  600  58  978
-17.2  112.2 51 20110405 1200  60  975
-17.8  111.6 51 20110405 1800  62  971
-18.4  111.3 51 20110406    0  63  968
-19.2  111.0 51 20110406  600  67  963
-20.3  111.0 51 20110406 1200  71  960
-21.4  111.3 51 20110406 1800  67  959
-22.6  112.5 51 20110407    0  63  964
-24.5  113.6 51 20110407  600  67  968
-27.6  115.3 51 20110407 1200  65  972
-31.3  116.7 51 20110407 1800  48  977
-33.8  118.1 51 20110408    0  48  983
-10.8  131.2 52 20110331    0  26 1003
-12.0  131.6 52 20110331  600  28 1000
-12.5  130.9 52 20110331 1200  30 1003
-13.1  129.5 52 20110331 1800  31 1001
-13.1  128.1 52 20110401    0  31 1002
-12.2  127.4 52 20110401  600  35  998
-12.7  128.3 52 20110401 1200  32 1000
-13.5  126.8 52 20110401 1800  33  996
-13.7  125.5 52 20110402    0  34  998
-14.1  123.8 52 20110402  600  34  995
-13.7  122.3 52 20110402 1200  36  996
-13.9  121.7 52 20110402 1800  38  993
-14.1  120.7 52 20110403    0  37  993
-14.5  119.8 52 20110403  600  41  990
-14.8  118.9 52 20110403 1200  46  989
-15.3  117.8 52 20110403 1800  52  985
-15.6  116.8 52 20110404    0  53  982
-15.9  116.0 52 20110404  600  59  976
-16.2  115.1 52 20110404 1200  63  973
-16.6  114.3 52 20110404 1800  68  965
-16.9  113.6 52 20110405    0  71  958
-17.5  113.0 52 20110405  600  78  947
-17.7  112.6 52 20110405 1200  97  933
-18.3  112.0 52 20110405 1800  79  933
-18.9  111.9 52 20110406    0  81  942
-19.4  111.7 52 20110406  600  77  944
-20.0  112.0 52 20110406 1200  76  941
-20.5  112.6 52 20110406 1800  72  951
-21.1  113.4 52 20110407    0  77  953
-21.5  114.1 52 20110407  600  72  965
-22.1  114.8 52 20110407 1200  59  976
-22.5  115.1 52 20110407 1800  43  988
-22.7  115.5 52 20110408    0  37  995
-23.2  115.7 52 20110408  600  31  998
-23.6  115.8 52 20110408 1200  32 1003
-23.4  115.5 52 20110408 1800  30 1005
-23.1  115.0 52 20110409    0  28 1007
-23.4  114.4 52 20110409  600  29 1006
