ADRIATIC SEA
WIND AND WAVE CONDITIONS AT POINT:
    NAME OF LOCATION        :  CNR-TOWER   
    GEOGRAPHICAL COORDINATES: LON = 12.50 E
                              LAT = 45.25 N
    GRID COORDINATES        :   I =    75
                                J =    62
WIND AND WAVE DATA OUT OF EXPERIMENTS USING T511 ANALYSIS
THE TEST RUNS HAVE BEEN DONE IN THE MEDITERRANEAN SEA
WIND USING T511 RESOLUTION
WAVE USING WAM ON A REGULAR GRID - STEP 0.25 DEG.
LIMITS OF GRID ARE :
                     6 DEG W     WESTERN  BORDER
                    36 DEG E     EASTERN  BORDER
                    30 DEG N     SOUTHERN BORDER
                    46 DEG N     NORTHERN BORDER
INDICES OF POINTS MOVE EASTWARDS AND NORTHWARDS FROM
THE LOWER LEFT POINT ( 6 DEG W, 30 DEG N)
THE FOLLOWING DATA ARE LISTED IN SEQUENCE FOR EACH SYNOPTIC TIME:
    TIME (YYMMDDHH:  YEAR, MONTH, DAY, HOUR),
    UU  WIND HORIZONTAL COMPONENT - W TO E (M/S),
    VV  WIND VERTICAL COMPONENT - S TO N (M/S),
    U10 WIND SPEED (M/S),
    UD  WIND DIRECTION (DEG, FLOW, CWRGN),
    HS  SIGNIFICANT WAVE HEIGHT (M),
    DM  WAVE MEAN FLOW DIRECTION (DEG, FLOW, CWRGN),
    TM  WAVE MEAN PERIOD (S),
    TP  WAVE PEAK PERIOD (S),

FORMAT FOR READING IS:
    READ(*,1)YY,MM,DD,HH, UU,VV,U10,UD,HS,DM,TM,TP
  1 FORMAT(I4,3I2.2,1X,8F7.2)
 MISSING DATA ARE GIVEN AS -99.

 DATA BEGIN AT LINE 51













   Y M D H    UU  |  VV  |  U10 |  UD  |  HS  |  DM  |  TM  |  TP  |
--------------------------------------------------------------------
1966102303  -99.00 -99.00 -99.00 -99.00   0.40  50.15   4.32   4.79
1966102306   -1.30  -1.10   1.70 229.76   0.24 332.43   4.32   4.79
1966102309  -99.00 -99.00 -99.00 -99.00   0.17 317.51   4.24   4.79
1966102312    2.90   2.50   3.83  49.24   0.15 341.56   3.52   4.79
1966102315  -99.00 -99.00 -99.00 -99.00   0.31  46.90   2.32   2.23
1966102318    3.60   2.40   4.33  56.31   0.32  52.07   2.44   2.70
1966102321  -99.00 -99.00 -99.00 -99.00   0.36  53.42   2.48   2.70
1966102400    5.40   4.10   6.78  52.79   0.44  52.19   2.65   2.97
1966102403  -99.00 -99.00 -99.00 -99.00   0.55  52.18   2.90   3.27
1966102406    7.20   5.00   8.77  55.22   0.69  53.36   3.17   3.60
1966102409  -99.00 -99.00 -99.00 -99.00   0.59  60.26   3.23   3.60
1966102412    5.60   0.90   5.67  80.87   0.44  69.98   2.95   3.60
1966102415  -99.00 -99.00 -99.00 -99.00   0.38  63.94   2.67   2.97
1966102418    2.50   4.30   4.97  30.17   0.35  43.16   2.55   2.70
1966102421  -99.00 -99.00 -99.00 -99.00   0.40  21.97   2.66   2.70
1966102500    1.50   6.70   6.87  12.62   0.58   0.92   3.20   2.97
1966102503  -99.00 -99.00 -99.00 -99.00   0.74 355.02   3.85   5.79
1966102506    3.70   6.80   7.74  28.55   0.83 357.97   4.14   6.37
1966102509  -99.00 -99.00 -99.00 -99.00   0.77 352.57   4.59   6.37
1966102512    2.60   4.30   5.02  31.16   0.65 349.31   4.63   6.37
1966102515  -99.00 -99.00 -99.00 -99.00   0.56 351.63   4.49   5.79
1966102518    5.30  -0.40   5.32  94.32   0.49   0.89   4.30   5.79
1966102521  -99.00 -99.00 -99.00 -99.00   0.46  23.49   3.77   5.79
1966102600    1.70   4.40   4.72  21.12   0.43  21.89   3.24   5.79
1966102603  -99.00 -99.00 -99.00 -99.00   0.46   9.62   3.11   2.97
1966102606    1.40   6.40   6.55  12.34   0.58 359.08   3.45   3.27
1966102609  -99.00 -99.00 -99.00 -99.00   0.68 353.43   3.62   3.60
1966102612    0.20   7.70   7.70   1.49   0.79 347.84   3.87   3.96
1966102615  -99.00 -99.00 -99.00 -99.00   0.88 354.11   4.13   5.79
1966102618    8.30   4.70   9.54  60.48   0.95  22.30   4.04   3.60
1966102621  -99.00 -99.00 -99.00 -99.00   0.81  23.76   4.36   3.96
1966102700    3.20   4.20   5.28  37.30   0.64   5.03   4.85   7.01
1966102703  -99.00 -99.00 -99.00 -99.00   0.49 351.81   5.36   7.71
1966102706    3.40  -2.50   4.22 126.33   0.38 349.22   5.47   7.71
1966102709  -99.00 -99.00 -99.00 -99.00   0.31 346.83   5.49   7.71
1966102712    3.20   0.20   3.21  86.42   0.28   2.73   4.91   7.71
1966102715  -99.00 -99.00 -99.00 -99.00   0.25  13.93   4.64   7.71
1966102718   -1.50   1.30   1.98 310.91   0.19 346.08   5.30   7.71
1966102721  -99.00 -99.00 -99.00 -99.00   0.16 331.98   5.57   7.71
1966102800    2.00  -2.40   3.12 140.19   0.14 327.98   5.20   7.71
1966102803  -99.00 -99.00 -99.00 -99.00   0.15 327.22   4.89   7.01
1966102806    0.90  -3.70   3.81 166.33   0.16 325.52   4.75   7.01
1966102809  -99.00 -99.00 -99.00 -99.00   0.29 129.99   2.66   2.03
1966102812    6.20   1.50   6.38  76.40   0.39  91.10   2.63   2.70
1966102815  -99.00 -99.00 -99.00 -99.00   0.38  54.26   2.62   2.97
1966102818   -1.30   5.60   5.75 346.93   0.41   0.04   2.78   2.70
1966102821  -99.00 -99.00 -99.00 -99.00   0.51 333.57   3.28   3.27
1966102900   -3.60   3.70   5.16 315.78   0.57 324.23   3.67   4.35
1966102903  -99.00 -99.00 -99.00 -99.00   0.58 313.90   4.07   5.27
1966102906   -2.10  -4.40   4.88 205.51   0.56 306.87   4.35   5.79
1966102909  -99.00 -99.00 -99.00 -99.00   0.50 298.85   4.31   5.79
1966102912   -0.50  -3.30   3.34 188.62   0.41 291.53   4.15   5.27
1966102915  -99.00 -99.00 -99.00 -99.00   0.34 263.21   3.83   5.27
1966102918    2.30  -2.40   3.32 136.22   0.32 238.62   3.65   3.96
1966102921  -99.00 -99.00 -99.00 -99.00   0.34 206.13   3.19   3.96
1966103000    5.50  -0.50   5.52  95.19   0.41 122.64   2.79   2.46
1966103003  -99.00 -99.00 -99.00 -99.00   0.39 125.19   2.74   2.70
1966103006    1.80  -4.60   4.94 158.63   0.37 152.88   2.67   2.70
1966103009  -99.00 -99.00 -99.00 -99.00   0.55 199.80   2.82   2.97
1966103012   -9.40  -5.40  10.84 240.12   1.07 239.17   3.75   3.96
1966103015  -99.00 -99.00 -99.00 -99.00   1.22 251.80   4.48   4.79
1966103018   -7.80  -2.20   8.10 254.25   1.13 258.42   4.56   5.27
1966103021  -99.00 -99.00 -99.00 -99.00   1.29 260.27   4.56   5.27
1966103100  -11.30  -2.40  11.55 258.01   1.60 261.02   4.89   5.27
1966103103  -99.00 -99.00 -99.00 -99.00   1.84 258.37   5.23   5.79
1966103106  -11.80  -6.20  13.33 242.28   2.05 253.36   5.44   5.79
1966103109  -99.00 -99.00 -99.00 -99.00   2.00 252.43   5.61   6.37
1966103112  -10.50  -4.80  11.55 245.43   1.81 252.74   5.43   6.37
1966103115  -99.00 -99.00 -99.00 -99.00   1.69 250.01   5.21   5.79
1966103118   -9.10  -7.00  11.48 232.43   1.63 245.25   5.11   5.79
1966103121  -99.00 -99.00 -99.00 -99.00   1.58 242.85   5.03   5.79
1966110100   -8.90  -6.30  10.90 234.71   1.51 242.56   4.94   5.79
1966110103  -99.00 -99.00 -99.00 -99.00   1.36 241.19   4.82   5.27
1966110106   -6.50  -6.60   9.26 224.56   1.19 238.47   4.61   5.27
1966110109  -99.00 -99.00 -99.00 -99.00   0.97 239.19   4.37   5.27
1966110112   -4.90  -3.40   5.96 235.24   0.75 243.08   4.08   4.79
1966110115  -99.00 -99.00 -99.00 -99.00   0.65 238.79   3.66   4.35
1966110118   -1.20  -6.70   6.81 190.15   0.63 225.02   3.50   3.96
1966110121  -99.00 -99.00 -99.00 -99.00   0.61 217.26   3.48   3.96
1966110200   -2.20  -5.60   6.02 201.45   0.56 216.04   3.38   3.96
1966110203  -99.00 -99.00 -99.00 -99.00   0.48 212.22   3.24   3.96
1966110206    1.00  -3.30   3.45 163.14   0.39 205.12   3.01   3.60
1966110209  -99.00 -99.00 -99.00 -99.00   0.33 189.47   2.74   3.27
1966110212    3.30  -1.40   3.58 112.99   0.31 151.75   2.54   2.46
1966110215  -99.00 -99.00 -99.00 -99.00   0.32 143.86   2.49   2.46
1966110218    0.60  -4.30   4.34 172.06   0.33 165.05   2.50   2.70
1966110221  -99.00 -99.00 -99.00 -99.00   0.39 196.72   2.60   2.70
1966110300   -6.60  -3.70   7.57 240.72   0.57 229.95   2.92   3.27
1966110303  -99.00 -99.00 -99.00 -99.00   0.62 252.33   3.31   3.60
1966110306   -5.40   2.80   6.08 297.41   0.62 274.27   3.44   3.96
1966110309  -99.00 -99.00 -99.00 -99.00   0.84 304.67   3.89   4.35
1966110312   -5.40   7.40   9.16 323.88   1.30 314.12   4.92   5.79
1966110315  -99.00 -99.00 -99.00 -99.00   1.64 314.34   5.86   6.37
1966110318   -6.60   6.40   9.19 314.12   1.73 313.05   6.22   7.01
1966110321  -99.00 -99.00 -99.00 -99.00   2.35 315.75   6.18   7.71
1966110400   -7.40  16.10  17.72 335.32   3.52 320.57   7.00   8.48
1966110403  -99.00 -99.00 -99.00 -99.00   3.31 318.69   7.85   9.33
1966110406   -6.30   9.90  11.73 327.53   2.76 316.98   7.75   9.33
1966110409  -99.00 -99.00 -99.00 -99.00   3.96 318.40   7.58   9.33
1966110412  -12.40  21.60  24.91 330.14   6.34 318.41   9.18  10.26
1966110415  -99.00 -99.00 -99.00 -99.00   4.47 320.64  10.15  11.29
1966110418   12.60   5.60  13.79  66.04   2.74 324.88   9.36  11.29
1966110421  -99.00 -99.00 -99.00 -99.00   2.21 330.18   9.00  11.29
1966110500    6.10   8.20  10.22  36.65   1.88 330.41   9.07  11.29
1966110503  -99.00 -99.00 -99.00 -99.00   1.59 346.14   7.65  11.29
1966110506   10.10  11.40  15.23  41.54   2.04  22.76   5.38   5.27
1966110509  -99.00 -99.00 -99.00 -99.00   1.71  21.82   5.42   5.79
1966110512    4.70   9.20  10.33  27.06   1.31  13.06   5.22   5.27
1966110515  -99.00 -99.00 -99.00 -99.00   0.87 356.42   5.55   7.71
1966110518    0.10   0.70   0.71   8.13   0.58 339.18   6.23   7.01
1966110521  -99.00 -99.00 -99.00 -99.00   0.44 330.49   6.53  10.26
1966110600    0.30   4.60   4.61   3.73   0.37 328.22   6.15   9.33
1966110603  -99.00 -99.00 -99.00 -99.00   0.39 331.13   5.00   5.27
1966110606    0.40   4.10   4.12   5.57   0.42 337.00   4.14   5.27
1966110609  -99.00 -99.00 -99.00 -99.00   0.36 339.14   4.00   4.79
1966110612    1.60   1.50   2.19  46.85   0.29 337.90   4.09   4.79
1966110615  -99.00 -99.00 -99.00 -99.00   0.23 335.37   4.08   4.79
1966110618   -2.30  -1.60   2.80 235.18   0.22 330.28   3.76   4.35
1966110621  -99.00 -99.00 -99.00 -99.00   0.22 324.98   3.30   4.35
1966110700    4.70   1.40   4.90  73.41   0.31  84.58   2.53   2.23
1966110703  -99.00 -99.00 -99.00 -99.00   0.35  63.25   2.54   2.46
1966110706    3.10   2.60   4.05  50.01   0.33  52.51   2.55   2.70
1966110709  -99.00 -99.00 -99.00 -99.00   0.33  53.97   2.50   2.70
1966110712    4.10   1.70   4.44  67.48   0.33  61.86   2.49   2.70
1966110715  -99.00 -99.00 -99.00 -99.00   0.28  63.33   2.48   2.70
1966110718    2.00   1.20   2.33  59.04   0.21  61.79   2.44   2.70
1966110721  -99.00 -99.00 -99.00 -99.00   0.23  62.25   2.20   2.23
1966110800    4.50   2.00   4.92  66.04   0.33  65.22   2.34   2.46
1966110803  -99.00 -99.00 -99.00 -99.00   0.34  68.15   2.48   2.70
1966110806    4.30   1.30   4.49  73.18   0.33  71.53   2.49   2.70
1966110809  -99.00 -99.00 -99.00 -99.00   0.33  66.69   2.47   2.70
1966110812    3.40   2.90   4.47  49.54   0.33  56.67   2.46   2.70
1966110815  -99.00 -99.00 -99.00 -99.00   0.23  44.64   2.51   2.70
1966110818   -1.50  -1.10   1.86 233.75   0.16   5.92   2.56   2.23
1966110821  -99.00 -99.00 -99.00 -99.00   0.16 318.23   2.22   1.68
1966110900    1.40   3.60   3.86  21.25   0.22 345.64   2.11   2.03
1966110903  -99.00 -99.00 -99.00 -99.00   0.22 348.74   2.32   2.23
1966110906   -1.30   0.50   1.39 291.04   0.17 337.43   2.55   2.46
1966110909  -99.00 -99.00 -99.00 -99.00   0.16 313.20   2.41   2.46
1966110912   -3.30  -2.00   3.86 238.78   0.27 256.60   2.21   2.03
1966110915  -99.00 -99.00 -99.00 -99.00   0.33 263.24   2.45   2.70
1966110918   -3.00   2.40   3.84 308.66   0.32 284.11   2.51   2.70
1966110921  -99.00 -99.00 -99.00 -99.00   0.28 288.00   2.61   2.97
1966111000    0.70  -2.50   2.60 164.36   0.24 282.22   2.71   2.97
1966111003  -99.00 -99.00 -99.00 -99.00   0.22 276.97   2.76   3.27
1966111006    1.60  -0.30   1.63 100.62   0.18 291.00   2.96   3.27
1966111009  -99.00 -99.00 -99.00 -99.00   0.15 300.68   3.04   3.27
1966111012    1.60  -1.50   2.19 133.15   0.14 307.30   2.95   3.27
1966111015  -99.00 -99.00 -99.00 -99.00   0.20 159.26   2.30   2.03
1966111018   -1.30  -2.30   2.64 209.48   0.21 213.62   2.35   2.46
1966111021  -99.00 -99.00 -99.00 -99.00   0.31 217.14   2.43   2.70
1966111100    0.60  -5.40   5.43 173.66   0.38 203.09   2.62   2.97
1966111103  -99.00 -99.00 -99.00 -99.00   0.43 194.77   2.82   3.27
1966111106    1.60  -5.50   5.73 163.78   0.46 190.65   2.96   3.60
1966111109  -99.00 -99.00 -99.00 -99.00   0.81 207.98   3.36   3.96
1966111112  -10.60  -7.70  13.10 234.00   1.53 234.19   4.40   4.79
1966111115  -99.00 -99.00 -99.00 -99.00   2.01 244.84   5.22   5.79
1966111118  -13.90  -4.80  14.71 250.95   2.37 252.24   5.65   6.37
1966111121  -99.00 -99.00 -99.00 -99.00   2.39 249.59   5.91   6.37
1966111200   -9.10 -10.50  13.89 220.91   2.23 238.85   5.79   6.37
