ADRIATIC SEA
WIND AND WAVE CONDITIONS AT POINT:
    NAME OF LOCATION        :  CNR-TOWER   
    GEOGRAPHICAL COORDINATES: LON = 12.50 E
                              LAT = 45.25 N
    GRID COORDINATES        :   I =    75
                                J =    62
WIND AND WAVE DATA FROM EXPS OF ENSEMBLE PREDICTION SYSTEM
THE TEST RUNS HAVE BEEN DONE IN THE MEDITERRANEAN SEA
WIND USING T399 RESOLUTION -
WIND HAS BEEN CALIBRATED - IN ADRIATIC SEA CALIB = 1.4
WAVE USING WAM ON A REGULAR GRID - STEP 0.25 DEG.
LIMITS OF GRID ARE :
                     6 DEG W     WESTERN  BORDER
                    36 DEG E     EASTERN  BORDER
                    30 DEG N     SOUTHERN BORDER
                    46 DEG N     NORTHERN BORDER
THE FOLLOWING DATA ARE GIVEN  IN SEQUENCE FOR EACH SYNOPTIC TIME:

    TIME (YYMMDDHH:  YEAR, MONTH, DAY, HOUR),
    UU  WIND HORIZONTAL COMPONENT - W TO E (M/S),
    VV  WIND VERTICAL COMPONENT - S TO N (M/S),
    U10 WIND SPEED (M/S),
    UD  WIND DIRECTION (DEG, FLOW, CWRGN),
    HS  SIGNIFICANT WAVE HEIGHT (M),
    DM  WAVE MEAN FLOW DIRECTION (DEG, FLOW, CWRGN),
    TM  WAVE MEAN PERIOD (S),
    TP  WAVE PEAK PERIOD (S),

FORMAT FOR READING IS:
    READ(*,1)YY,MM,DD,HH, UU,VV,U10,UD,HS,DM,TM,TP
  1 FORMAT(I4,3I2.2,1X,8F7.2)
 MISSING DATA ARE GIVEN AS -99.

 DATA BEGIN AT LINE 51













   Y M D H    UU  |  VV  |  U10 |  UD  |  HS  |  DM  |  TM  |  TP  |
--------------------------------------------------------------------
1966110400   -9.12  18.19  17.69 153.36   3.85 140.68   7.20   8.48
1966110403  -99.00 -99.00  17.69 -99.00   4.38 139.74   8.09   9.33
1966110406   -8.29  10.40  11.75 141.44   3.15 135.04   8.11   9.33
1966110409  -99.00 -99.00  11.75 -99.00   3.19 134.67   8.35   9.33
1966110412  -22.35  17.20  26.51 127.58   8.02 129.14   9.80  12.42
1966110415  -99.00 -99.00  26.51 -99.00  10.00 130.03  11.70  13.66
1966110418   -1.52  16.88  15.15 174.87   8.48 133.46  12.34  15.03
1966110421  -99.00 -99.00  15.15 -99.00   8.83 133.41  12.82  15.03
1966110500    8.00   5.10   8.25 237.46   5.63 134.61  12.55  13.66
1966110503  -99.00 -99.00   8.25 -99.00   2.96 137.38  11.61  13.66
1966110506    0.50  10.57   8.62 182.71   1.91 143.46   9.35  12.42
1966110509  -99.00 -99.00   8.62 -99.00   1.59 151.09   6.87  11.29
1966110512    9.31   8.66  10.74 227.08   1.52 178.19   5.66   7.71
1966110515  -99.00 -99.00  10.74 -99.00   1.58 186.54   5.84   8.48
1966110518    3.10   2.03   2.35 236.72   1.16 163.56   7.29   9.33
1966110521  -99.00 -99.00   2.35 -99.00   0.83 159.72   6.96   8.48
1966110600    0.00   3.30   2.10 180.05   0.65 157.30   6.25   8.48
1966110603  -99.00 -99.00   2.10 -99.00   0.61 156.42   5.71   7.71
1966110606    0.91   4.19   2.76 192.19   0.61 157.15   5.31   7.01
1966110609  -99.00 -99.00   2.76 -99.00   0.61 158.08   5.09   5.27
1966110612    0.03   1.66   1.13 181.20   0.57 157.71   5.00   5.27
1966110615  -99.00 -99.00   1.13 -99.00   0.48 156.28   4.89   5.27
1966110618   -3.32   0.80   3.08 103.52   0.39 152.89   4.51   5.27
1966110621  -99.00 -99.00   3.08 -99.00   0.44 144.23   4.18   4.79
1966110700   -4.05  -0.95   3.68  76.82   0.57 137.59   4.53   5.27
1966110703  -99.00 -99.00   3.68 -99.00   0.63 135.35   4.83   5.27
1966110706   -4.34  -2.79   4.65  57.26   0.65 131.86   4.79   5.79
1966110709  -99.00 -99.00   4.65 -99.00   0.63 129.13   4.70   5.79
1966110712   -6.35   0.46   5.94  94.10   0.66 123.96   4.20   5.79
1966110715  -99.00 -99.00   5.94 -99.00   0.69 124.52   4.18   5.27
1966110718   -5.80   1.15   5.14 101.20   0.72 129.19   4.47   5.27
1966110721  -99.00 -99.00   5.14 -99.00   0.78 131.39   4.69   5.27
1966110800   -6.08  -1.99   5.57  71.86   0.79 129.32   4.73   5.79
1966110803  -99.00 -99.00   5.57 -99.00   0.77 126.54   4.65   5.79
1966110806   -6.92  -5.51   8.01  51.49   0.91  98.36   4.14   5.79
1966110809  -99.00 -99.00   8.01 -99.00   1.00  88.62   4.37   4.79
1966110812   -9.01  -0.02   8.34  89.86   1.10 106.85   4.68   5.27
1966110815  -99.00 -99.00   8.34 -99.00   1.24 118.09   5.20   7.01
1966110818   -9.92   1.65   8.57  99.44   1.48 123.79   5.79   7.01
1966110821  -99.00 -99.00   8.57 -99.00   1.67 126.33   6.35   7.71
1966110900   -9.86  -0.29   8.61  88.33   1.70 125.38   6.56   8.48
1966110903  -99.00 -99.00   8.61 -99.00   1.67 123.91   6.52   8.48
1966110906  -13.17  -2.48  12.19  79.34   2.08 110.21   6.04   8.48
1966110909  -99.00 -99.00  12.19 -99.00   2.32 109.21   6.51   8.48
1966110912  -10.33   5.29   9.84 117.10   2.39 125.26   7.48   9.33
1966110915  -99.00 -99.00   9.84 -99.00   2.53 129.12   7.85   9.33
1966110918  -16.41  12.86  19.24 128.08   4.81 129.08   8.13   9.33
1966110921  -99.00 -99.00  19.24 -99.00   5.23 128.49   8.78  10.26
1966111000   -3.76   7.70   7.10 153.96   2.97 131.70   8.93  10.26
1966111003  -99.00 -99.00   7.10 -99.00   2.13 135.30   8.40  10.26
1966111006  -15.46   1.96  13.99  97.21   2.94 122.19   7.33   9.33
1966111009  -99.00 -99.00  13.99 -99.00   3.89 124.16   8.85  10.26
1966111012   -9.13  14.12  15.39 147.10   4.28 134.88   9.46  11.29
1966111015  -99.00 -99.00  15.39 -99.00   4.36 135.22   9.71  11.29
1966111018   -1.03  10.12   8.52 174.20   3.66 135.26  11.04  12.42
1966111021  -99.00 -99.00   8.52 -99.00   2.65 139.19  10.31  11.29
1966111100    3.72   7.74   7.03 205.65   1.85 142.76   9.09  11.29
1966111103  -99.00 -99.00   7.03 -99.00   1.38 148.79   7.45  10.26
1966111106   -1.53   6.75   5.90 167.18   1.12 148.13   6.62  10.26
1966111109  -99.00 -99.00   5.90 -99.00   1.00 148.04   6.01   7.01
1966111112    1.41   6.17   5.16 192.86   0.92 147.90   5.87   7.01
1966111115  -99.00 -99.00   5.16 -99.00   0.94 147.81   5.91   7.01
1966111118   -0.58   1.71   1.39 161.42   0.91 145.41   6.30   7.71
1966111121  -99.00 -99.00   1.39 -99.00   0.80 144.99   6.38   7.71
1966111200    3.22  -0.22   2.73 273.88   0.70 145.91   6.31   7.71
1966111203  -99.00 -99.00   2.73 -99.00   0.60 146.38   6.27   7.71
1966111206    2.59  -0.70   2.21 285.07   0.51 146.00   6.25   7.71
1966111209  -99.00 -99.00   2.21 -99.00   0.43 145.32   6.21   7.01
1966111212    4.38  -0.57   3.96 277.45   0.45 163.51   4.63   7.01
1966111215  -99.00 -99.00   3.96 -99.00   0.36 168.98   4.67   7.01
1966111218    5.03   1.66   5.03 251.74   0.35 208.38   3.72   6.37
1966111221  -99.00 -99.00   5.03 -99.00   0.34 226.95   3.21   2.70
1966111300    4.79  -0.19   4.33 272.23   0.27 234.74   3.12   2.70
1966111303  -99.00 -99.00   4.33 -99.00   0.25 246.85   2.90   2.46
1966111306    3.03  -0.10   2.53 271.92   0.18 223.15   3.32   2.46
1966111309  -99.00 -99.00   2.53 -99.00   0.14 194.90   3.67   5.27
1966111312    0.40   0.75   1.00 207.86   0.13 180.18   3.69   7.01
1966111315  -99.00 -99.00   1.00 -99.00   0.13 171.40   3.73   7.01
1966111318    0.08   1.49   1.02 182.89   0.12 164.46   3.66   7.01
1966111321  -99.00 -99.00   1.02 -99.00   0.11 160.10   3.53   5.27
1966111400   -1.25  -0.56   1.95  65.97   0.12 150.32   3.00   5.27
